arm,tag,mode,seed,width,depth,converged,split,leg,band,endpoint_med_um,endpoint_p95_um,stage_med_um,slope_med_mrad,rho_mean,rho_median,straight_med_um,n,ceiling_leg_um,ceiling_band_um,ceiling_band_n,ceiling_own_um,ceiling_own_p95_um
residual,residual_w100_data_s0,data,0,100,4,True,val,A,1-5GeV,0.20944058733751714,46354.16236487412,0.22158095334701144,0.0016099633643185118,0.0050223744769490025,9.494337062675174e-09,25.804742523524773,350,0.0007444257531519227,0.002909424121233517,19,0.0028088209010346255,7173.877347743397
residual,residual_w100_data_s0,data,0,100,4,True,val,A,5-20GeV,0.034024451567443714,2944.74614754792,0.03629674531463456,0.0002226057439214113,5.591247295803811e-06,5.038579748063971e-10,11.007220319043443,184,0.0007444257531519227,0.020400536357767507,9,0.0005096686157557428,2306.1250752016567
residual,residual_w100_data_s0,data,0,100,4,True,val,A,20-200GeV,0.04373378862643218,722.4929666008879,0.045252397497419494,0.00014326476978571492,4.366459811300557e-05,1.5647224677581282e-09,15.481654977695825,98,0.0007444257531519227,0.0004550318470283865,4,0.0009147414785637409,436.5695393626081
residual,residual_w100_data_s0,data,0,100,4,True,val,A,all,0.07836984920039924,17633.40307326501,0.0759967893085578,0.0005642957372669136,0.0027897768782431226,2.0023606991520136e-09,15.482794052115722,632,0.0007444257531519227,0.0007444257531519227,32,0.0012975941081627695,10095.745280850735
residual,residual_w100_data_s0,data,0,100,4,True,val,B,1-5GeV,2746.5239920190925,67531.34261357493,2887.8630015306044,1.377770793010491,0.0002829603195182833,3.861411074087033e-06,1181464.7237645744,219,29.06626263219181,194.32988753253255,14,239.1203764747729,31863.319386796837
residual,residual_w100_data_s0,data,0,100,4,True,val,B,5-20GeV,302.26345897624185,7398.63092796197,366.34459247169457,0.14877469530181,0.00023200606174926,4.550716091590877e-07,360379.6349347898,268,29.06626263219181,18.868742882830247,13,23.771840872143457,312.6197581884921
residual,residual_w100_data_s0,data,0,100,4,True,val,B,20-200GeV,109.97710806950778,3526.7992765545036,130.97900101414695,0.06410230643025955,0.010744107268329304,4.342106730835547e-07,104397.23230693299,94,29.06626263219181,8.451150669401386,5,6.659794481365111,77.86268877226932
residual,residual_w100_data_s0,data,0,100,4,True,val,B,all,510.88873328103546,27660.776825439825,670.413984376296,0.28000842534045556,0.0019519656071364205,8.216338777741694e-07,468725.43876780034,581,29.06626263219181,29.06626263219181,32,46.362551442712174,10372.636338919856
residual,residual_w100_data_s0,data,0,100,4,True,val,C,1-5GeV,0.04034753409598579,51.04623718074208,0.04002233202982097,0.0011934492191861823,5.276087627691995e-07,7.952939086173301e-14,24.01565099967229,1541,1.9820198815523327e-06,2.8307738375588087e-06,18,6.750537906441423e-06,0.20163025035344614
residual,residual_w100_data_s0,data,0,100,4,True,val,C,5-20GeV,0.005129388910063426,9.12156889123139,0.00520422262439979,0.00010267850839365544,6.026420749803066e-07,1.109336660033561e-14,3.982292308535307,901,1.9820198815523327e-06,6.594778056978612e-07,10,1.7530226159578888e-06,0.14228742605375028
residual,residual_w100_data_s0,data,0,100,4,True,val,C,20-200GeV,0.0029126891898378915,1.3537844938852561,0.0029091989472984636,4.23681608945764e-05,5.769102803663902e-08,3.9060010089130287e-14,0.6156453043622001,314,1.9820198815523327e-06,1.1178560299640594e-06,4,4.790932095488643e-07,0.009702852425164103
residual,residual_w100_data_s0,data,0,100,4,True,val,C,all,0.012430601699975341,28.0700577485149,0.012211187680577495,0.000275142081729296,4.98599635627031e-07,3.9318966348810614e-14,6.048405576626337,2756,1.9820198815523327e-06,1.9820198815523327e-06,32,5.807194725093723e-07,3.303541561407996
residual,residual_w100_data_s0,data,0,100,4,True,test,A,1-5GeV,0.17667027522444423,87663.38551040743,0.15584743576468885,0.0015007642972710705,0.0012688483030192281,8.62156519293829e-09,31.11023947234115,324,0.0007444257531519227,0.002909424121233517,19,0.0028088209010346255,7173.877347743397
residual,residual_w100_data_s0,data,0,100,4,True,test,A,5-20GeV,0.03433308494238396,4095.676786638002,0.03941047777755724,0.0002065157649333571,1.9471623181945192e-05,8.694800103745299e-10,9.80516663159503,191,0.0007444257531519227,0.020400536357767507,9,0.0005096686157557428,2306.1250752016567
residual,residual_w100_data_s0,data,0,100,4,True,test,A,20-200GeV,0.033719818249178246,530.7909183395158,0.03325268824871941,7.892469971321203e-05,4.9369254696417554e-06,7.454844021871965e-10,5.945399012586616,89,0.0007444257531519227,0.0004550318470283865,4,0.0009147414785637409,436.5695393626081
residual,residual_w100_data_s0,data,0,100,4,True,test,A,all,0.058252119107732314,17278.325189641422,0.06041633729458873,0.0004098964787122711,0.0006875253585642045,1.6651874688306766e-09,10.945522383782214,604,0.0007444257531519227,0.0007444257531519227,32,0.0012975941081627695,10095.745280850735
residual,residual_w100_data_s0,data,0,100,4,True,test,B,1-5GeV,2674.2835851162,65644.58318969037,2864.62633545716,1.101230649896312,0.00011569419378862586,3.7718410072336746e-06,1197127.786821343,191,29.06626263219181,194.32988753253255,14,239.1203764747729,31863.319386796837
residual,residual_w100_data_s0,data,0,100,4,True,test,B,5-20GeV,294.0738144464703,4641.502293223225,367.31354343952296,0.180011946334116,1.9496337041762085e-05,4.406376766414355e-07,355193.23732396663,278,29.06626263219181,18.868742882830247,13,23.771840872143457,312.6197581884921
residual,residual_w100_data_s0,data,0,100,4,True,test,B,20-200GeV,109.61832136786143,773.5364538411275,128.9829019734441,0.051625588406746525,9.39112808124288e-05,4.682767432495462e-07,104910.80409850382,95,29.06626263219181,8.451150669401386,5,6.659794481365111,77.86268877226932
residual,residual_w100_data_s0,data,0,100,4,True,test,B,all,486.12240508089855,20276.19082156433,648.0427513857876,0.26300937484259945,6.460841203620237e-05,8.703095076027271e-07,444074.60985912883,564,29.06626263219181,29.06626263219181,32,46.362551442712174,10372.636338919856
residual,residual_w100_data_s0,data,0,100,4,True,test,C,1-5GeV,0.04367557528439647,68.64021514661113,0.04237536623463711,0.0011596728675122847,1.0550865682965075e-06,9.35627432596554e-14,20.65045648123487,1625,1.9820198815523327e-06,2.8307738375588087e-06,18,6.750537906441423e-06,0.20163025035344614
residual,residual_w100_data_s0,data,0,100,4,True,test,C,5-20GeV,0.005430974281850354,3.8112710059522183,0.005440314509996824,0.00011088630157141122,2.5970348038783357e-07,1.0641584959953029e-14,4.010366603324655,857,1.9820198815523327e-06,6.594778056978612e-07,10,1.7530226159578888e-06,0.14228742605375028
residual,residual_w100_data_s0,data,0,100,4,True,test,C,20-200GeV,0.003397693262741086,1.2064291563280705,0.003456188409245442,4.6553209211153135e-05,4.158957548370062e-07,4.254576928631878e-14,0.7430259263347949,311,1.9820198815523327e-06,1.1178560299640594e-06,4,4.790932095488643e-07,0.009702852425164103
residual,residual_w100_data_s0,data,0,100,4,True,test,C,all,0.011885999441574313,31.859087308510006,0.011783940635723411,0.0002934268423047254,7.398586236765152e-07,4.286754653921046e-14,6.63368461363234,2793,1.9820198815523327e-06,1.9820198815523327e-06,32,5.807194725093723e-07,3.303541561407996
residual,residual_w100_data_s1,data,1,100,4,True,val,A,1-5GeV,0.15952863563040154,52881.21323703537,0.1772477486516877,0.0016052686190987618,0.004435972111662963,5.365042617372931e-09,25.804742523524773,350,0.0007444257531519227,0.002909424121233517,19,0.0028088209010346255,7173.877347743397
residual,residual_w100_data_s1,data,1,100,4,True,val,A,5-20GeV,0.033322904630012085,2992.862834200474,0.036268026760710725,0.00015395733644202325,6.209063632068598e-06,7.209785626400078e-10,11.007220319043443,184,0.0007444257531519227,0.020400536357767507,9,0.0005096686157557428,2306.1250752016567
residual,residual_w100_data_s1,data,1,100,4,True,val,A,20-200GeV,0.042708722698903134,477.274241863572,0.04388564631296887,0.00013368708773157933,2.9492323986671338e-05,1.3080337821249535e-09,15.481654977695825,98,0.0007444257531519227,0.0004550318470283865,4,0.0009147414785637409,436.5695393626081
residual,residual_w100_data_s1,data,1,100,4,True,val,A,all,0.0720663528612775,16957.893890879477,0.07369624393238627,0.00044217818389853756,0.00246301100402062,2.123998774160891e-09,15.482794052115722,632,0.0007444257531519227,0.0007444257531519227,32,0.0012975941081627695,10095.745280850735
residual,residual_w100_data_s1,data,1,100,4,True,val,B,1-5GeV,2591.9214612767973,45011.95629854452,2967.6177595325867,1.7557431728082822,0.0002690132891487677,3.9094575459330585e-06,1181464.7237645744,219,29.06626263219181,194.32988753253255,14,239.1203764747729,31863.319386796837
residual,residual_w100_data_s1,data,1,100,4,True,val,B,5-20GeV,359.02744082352456,7524.422084623074,418.4018898722002,0.20019044579828657,0.0001578536531173251,4.929334994174546e-07,360379.6349347898,268,29.06626263219181,18.868742882830247,13,23.771840872143457,312.6197581884921
residual,residual_w100_data_s1,data,1,100,4,True,val,B,20-200GeV,159.71865273628083,962.8691889150244,164.09962204570405,0.052560659167437324,4.284585733903779e-05,5.230474854106136e-07,104397.23230693299,94,29.06626263219181,8.451150669401386,5,6.659794481365111,77.86268877226932
residual,residual_w100_data_s1,data,1,100,4,True,val,B,all,630.2280997662137,24508.82798503244,735.6827413339033,0.3194803691271425,0.00018114664362976388,1.0977457288326456e-06,468725.43876780034,581,29.06626263219181,29.06626263219181,32,46.362551442712174,10372.636338919856
residual,residual_w100_data_s1,data,1,100,4,True,val,C,1-5GeV,0.04337720840652537,49.958565499537144,0.04326930380216254,0.0012175496958283238,2.422847596177863e-06,7.827281452624882e-14,24.01565099967229,1541,1.9820198815523327e-06,2.8307738375588087e-06,18,6.750537906441423e-06,0.20163025035344614
residual,residual_w100_data_s1,data,1,100,4,True,val,C,5-20GeV,0.005783259325653489,9.690123395557748,0.005466245212915055,0.00010428621310260011,1.6688816540492817e-07,1.6787979019747973e-14,3.982292308535307,901,1.9820198815523327e-06,6.594778056978612e-07,10,1.7530226159578888e-06,0.14228742605375028
residual,residual_w100_data_s1,data,1,100,4,True,val,C,20-200GeV,0.0030373130606164978,2.5638001778140986,0.0030341686713258875,3.753211014374813e-05,5.0536648837685566e-08,4.520086053436868e-14,0.6156453043622001,314,1.9820198815523327e-06,1.1178560299640594e-06,4,4.790932095488643e-07,0.009702852425164103
residual,residual_w100_data_s1,data,1,100,4,True,val,C,all,0.012224178390418672,26.787259069919855,0.012305806544432585,0.00029387247227948693,1.4150373332637735e-06,4.167871900131139e-14,6.048405576626337,2756,1.9820198815523327e-06,1.9820198815523327e-06,32,5.807194725093723e-07,3.303541561407996
residual,residual_w100_data_s1,data,1,100,4,True,test,A,1-5GeV,0.15242135784204747,55023.473050531786,0.15037793562600044,0.0016209758645629058,0.0018344545367574643,7.341938701588862e-09,31.11023947234115,324,0.0007444257531519227,0.002909424121233517,19,0.0028088209010346255,7173.877347743397
residual,residual_w100_data_s1,data,1,100,4,True,test,A,5-20GeV,0.03457400956485834,3287.934552154411,0.03803010022540576,0.00015085489501326377,2.3125083773453387e-05,5.139467714612638e-10,9.80516663159503,191,0.0007444257531519227,0.020400536357767507,9,0.0005096686157557428,2306.1250752016567
residual,residual_w100_data_s1,data,1,100,4,True,test,A,20-200GeV,0.031169104153683236,352.09070665603076,0.031049253822246214,6.969120812383434e-05,3.0436262214039302e-06,6.454029019580672e-10,5.945399012586616,89,0.0007444257531519227,0.0004550318470283865,4,0.0009147414785637409,436.5695393626081
residual,residual_w100_data_s1,data,1,100,4,True,test,A,all,0.063288099387937,21134.969497102236,0.06277090338902003,0.00036648382620687106,0.0009918063636487635,1.762070229006542e-09,10.945522383782214,604,0.0007444257531519227,0.0007444257531519227,32,0.0012975941081627695,10095.745280850735
residual,residual_w100_data_s1,data,1,100,4,True,test,B,1-5GeV,2395.6131277345776,67022.99264338694,2671.8682307006247,1.388336226096909,0.0002991248221776265,2.976446313845123e-06,1197127.786821343,191,29.06626263219181,194.32988753253255,14,239.1203764747729,31863.319386796837
residual,residual_w100_data_s1,data,1,100,4,True,test,B,5-20GeV,358.8219307956422,5552.082010486747,409.10628347798905,0.17951618626983745,2.183535797598418e-05,5.855589064548681e-07,355193.23732396663,278,29.06626263219181,18.868742882830247,13,23.771840872143457,312.6197581884921
residual,residual_w100_data_s1,data,1,100,4,True,test,B,20-200GeV,118.6967546210127,683.3875163814297,128.11173280512378,0.048607034925554626,0.00013739256341734575,3.8475373813468386e-07,104910.80409850382,95,29.06626263219181,8.451150669401386,5,6.659794481365111,77.86268877226932
residual,residual_w100_data_s1,data,1,100,4,True,test,B,all,511.91086676553255,15491.358272108726,624.2889037634427,0.2841363390003581,0.000135204546237408,8.156423458877212e-07,444074.60985912883,564,29.06626263219181,29.06626263219181,32,46.362551442712174,10372.636338919856
residual,residual_w100_data_s1,data,1,100,4,True,test,C,1-5GeV,0.04205051166294993,66.98069070486089,0.04045032315858066,0.0011932865256955583,2.4804100405363192e-06,9.37459972832152e-14,20.65045648123487,1625,1.9820198815523327e-06,2.8307738375588087e-06,18,6.750537906441423e-06,0.20163025035344614
residual,residual_w100_data_s1,data,1,100,4,True,test,C,5-20GeV,0.004967611140216377,4.2515912895850745,0.0048345690668583075,0.00010567131260297291,3.8114476271087055e-07,1.1275445386328873e-14,4.010366603324655,857,1.9820198815523327e-06,6.594778056978612e-07,10,1.7530226159578888e-06,0.14228742605375028
residual,residual_w100_data_s1,data,1,100,4,True,test,C,20-200GeV,0.0037852610130784115,1.1018393164976548,0.003693062687659676,4.0103025313370966e-05,6.752281347755038e-06,4.439428736145856e-14,0.7430259263347949,311,1.9820198815523327e-06,1.1178560299640594e-06,4,4.790932095488643e-07,0.009702852425164103
residual,residual_w100_data_s1,data,1,100,4,True,test,C,all,0.011759501717278908,32.403442048144,0.011587698423909387,0.00028129640958912683,2.311946608187093e-06,4.355593691496341e-14,6.63368461363234,2793,1.9820198815523327e-06,1.9820198815523327e-06,32,5.807194725093723e-07,3.303541561407996
residual,residual_w100_data_s2,data,2,100,4,True,val,A,1-5GeV,0.13615842536118805,50185.8868926635,0.1435365463388627,0.0014376866802612298,0.009743913122279565,2.8662443948015967e-09,25.804742523524773,350,0.0007444257531519227,0.002909424121233517,19,0.0028088209010346255,7173.877347743397
residual,residual_w100_data_s2,data,2,100,4,True,val,A,5-20GeV,0.025385276292561043,2147.4577388805183,0.02866765473252819,0.0001644232917575282,3.984826098281159e-06,4.3613481786480803e-10,11.007220319043443,184,0.0007444257531519227,0.020400536357767507,9,0.0005096686157557428,2306.1250752016567
residual,residual_w100_data_s2,data,2,100,4,True,val,A,20-200GeV,0.03446957519304128,557.9486104273038,0.04645763220928467,0.00010111934952328379,0.001296295582349848,9.971348254103371e-10,15.481654977695825,98,0.0007444257531519227,0.0004550318470283865,4,0.0009147414785637409,436.5695393626081
residual,residual_w100_data_s2,data,2,100,4,True,val,A,all,0.05420697225833049,20439.883670923144,0.055642388573751145,0.0004676900722672128,0.005598322417516166,1.1858596310555897e-09,15.482794052115722,632,0.0007444257531519227,0.0007444257531519227,32,0.0012975941081627695,10095.745280850735
residual,residual_w100_data_s2,data,2,100,4,True,val,B,1-5GeV,3129.1564557338916,54319.351843933786,3547.3754964754107,1.7392975719210668,0.00031596084508628627,5.259298464111683e-06,1181464.7237645744,219,29.06626263219181,194.32988753253255,14,239.1203764747729,31863.319386796837
residual,residual_w100_data_s2,data,2,100,4,True,val,B,5-20GeV,331.1352486982173,6143.515486879754,437.5335340190247,0.1816451325674373,0.00020914525221093886,4.009657361857276e-07,360379.6349347898,268,29.06626263219181,18.868742882830247,13,23.771840872143457,312.6197581884921
residual,residual_w100_data_s2,data,2,100,4,True,val,B,20-200GeV,204.20297741532067,1151.92237763107,204.99675460896327,0.07157225349844598,4.205996074357664e-05,8.95820556137334e-07,104397.23230693299,94,29.06626263219181,8.451150669401386,5,6.659794481365111,77.86268877226932
residual,residual_w100_data_s2,data,2,100,4,True,val,B,all,616.3747879911909,26630.54339389669,804.6877431505663,0.33265439159546606,0.00022237519617267557,1.4206583593167133e-06,468725.43876780034,581,29.06626263219181,29.06626263219181,32,46.362551442712174,10372.636338919856
residual,residual_w100_data_s2,data,2,100,4,True,val,C,1-5GeV,0.05037475762037502,54.42147090104754,0.04984498072246879,0.0015006168200912967,5.9185351363701e-07,9.252725308746432e-14,24.01565099967229,1541,1.9820198815523327e-06,2.8307738375588087e-06,18,6.750537906441423e-06,0.20163025035344614
residual,residual_w100_data_s2,data,2,100,4,True,val,C,5-20GeV,0.00565092574333903,9.416248695288232,0.00566951147540351,0.00010290473931442523,1.647839352626753e-06,1.0940760588706095e-14,3.982292308535307,901,1.9820198815523327e-06,6.594778056978612e-07,10,1.7530226159578888e-06,0.14228742605375028
residual,residual_w100_data_s2,data,2,100,4,True,val,C,20-200GeV,0.0030963166171016354,1.139805780771748,0.00305365217689868,3.2720734509579e-05,2.634237392156833e-07,3.458231536518045e-14,0.6156453043622001,314,1.9820198815523327e-06,1.1178560299640594e-06,4,4.790932095488643e-07,0.009702852425164103
residual,residual_w100_data_s2,data,2,100,4,True,val,C,all,0.012744904964279158,26.053813008061866,0.012407981562656545,0.0002973429498905056,8.996605861193983e-07,4.0454045988980633e-14,6.048405576626337,2756,1.9820198815523327e-06,1.9820198815523327e-06,32,5.807194725093723e-07,3.303541561407996
residual,residual_w100_data_s2,data,2,100,4,True,test,A,1-5GeV,0.13997447255831297,70313.37222910814,0.14599163029760387,0.0017895516226940078,0.0014931380099378628,3.911019256563795e-09,31.11023947234115,324,0.0007444257531519227,0.002909424121233517,19,0.0028088209010346255,7173.877347743397
residual,residual_w100_data_s2,data,2,100,4,True,test,A,5-20GeV,0.031822914651202794,4162.534760142421,0.03074210149156542,0.00015178485793243546,2.9204060884980475e-05,4.5218308489708547e-10,9.80516663159503,191,0.0007444257531519227,0.020400536357767507,9,0.0005096686157557428,2306.1250752016567
residual,residual_w100_data_s2,data,2,100,4,True,test,A,20-200GeV,0.027791125759568658,344.43097134109496,0.028661589157041867,6.612122832247436e-05,1.0776352534691426e-05,5.952267483744627e-10,5.945399012586616,89,0.0007444257531519227,0.0004550318470283865,4,0.0009147414785637409,436.5695393626081
residual,residual_w100_data_s2,data,2,100,4,True,test,A,all,0.046972284956536825,20127.909753115866,0.04884006783378858,0.0003422803097896665,0.0008117777917623948,1.2822817720056248e-09,10.945522383782214,604,0.0007444257531519227,0.0007444257531519227,32,0.0012975941081627695,10095.745280850735
residual,residual_w100_data_s2,data,2,100,4,True,test,B,1-5GeV,2574.762963226931,66729.041603043,2975.4874769012645,1.545958616539722,0.00011763566639554566,4.805094200990726e-06,1197127.786821343,191,29.06626263219181,194.32988753253255,14,239.1203764747729,31863.319386796837
residual,residual_w100_data_s2,data,2,100,4,True,test,B,5-20GeV,315.6589178203504,5510.665949955524,429.49423080642646,0.16426614789328936,1.515106885565275e-05,4.505671384427545e-07,355193.23732396663,278,29.06626263219181,18.868742882830247,13,23.771840872143457,312.6197581884921
residual,residual_w100_data_s2,data,2,100,4,True,test,B,20-200GeV,102.2871814737698,561.8972593062635,126.95166910768307,0.060646949978674855,0.0017651510958615947,3.3264866960931404e-07,104910.80409850382,95,29.06626263219181,8.451150669401386,5,6.659794481365111,77.86268877226932
residual,residual_w100_data_s2,data,2,100,4,True,test,B,all,565.8857576002276,17424.52746296961,677.8555532598034,0.281388290095436,0.00034462724030190096,8.677481362095344e-07,444074.60985912883,564,29.06626263219181,29.06626263219181,32,46.362551442712174,10372.636338919856
residual,residual_w100_data_s2,data,2,100,4,True,test,C,1-5GeV,0.04559649624980011,73.96930006542559,0.04418575781528489,0.0012679378631752503,4.779582528271998e-06,1.0883173467322218e-13,20.65045648123487,1625,1.9820198815523327e-06,2.8307738375588087e-06,18,6.750537906441423e-06,0.20163025035344614
residual,residual_w100_data_s2,data,2,100,4,True,test,C,5-20GeV,0.0052093205518133345,3.7092451485818314,0.005098095227751287,0.00011033943050908768,7.007419926449157e-07,9.319788355083485e-15,4.010366603324655,857,1.9820198815523327e-06,6.594778056978612e-07,10,1.7530226159578888e-06,0.14228742605375028
residual,residual_w100_data_s2,data,2,100,4,True,test,C,20-200GeV,0.002760537483936787,1.8901450884296622,0.002778180327123181,4.223479724806134e-05,2.923414970450314e-06,2.60622785666408e-14,0.7430259263347949,311,1.9820198815523327e-06,1.1178560299640594e-06,4,4.790932095488643e-07,0.009702852425164103
residual,residual_w100_data_s2,data,2,100,4,True,test,C,all,0.012194153470090896,36.3824904118531,0.011941066333065464,0.00030813146373320777,3.32135322303929e-06,4.3331311170996646e-14,6.63368461363234,2793,1.9820198815523327e-06,1.9820198815523327e-06,32,5.807194725093723e-07,3.303541561407996
residual,residual_w100_physics_s0,physics,0,100,4,True,val,A,1-5GeV,7.768911358383868,67389.20331559308,7.339761367879117,0.11304268099629608,0.0075894553357315035,1.4966228808602875e-06,25.804742523524773,350,0.0007444257531519227,0.002909424121233517,19,0.0028088209010346255,7173.877347743397
residual,residual_w100_physics_s0,physics,0,100,4,True,val,A,5-20GeV,1.2570186441359654,3497.5441945506004,1.7253507308485072,0.06285266101710603,0.00013522020719506622,4.6155961503971493e-07,11.007220319043443,184,0.0007444257531519227,0.020400536357767507,9,0.0005096686157557428,2306.1250752016567
residual,residual_w100_physics_s0,physics,0,100,4,True,val,A,20-200GeV,1.4012824474639307,2895.508559929346,2.020129646142621,0.04163369175944065,0.00027036067206741017,1.5718282396008536e-06,15.481654977695825,98,0.0007444257531519227,0.0004550318470283865,4,0.0009147414785637409,436.5695393626081
residual,residual_w100_physics_s0,physics,0,100,4,True,val,A,all,1.8184089053089325,15794.65795990642,2.3408223265612427,0.0720776381044827,0.0042843120751464,1.0278566603509324e-06,15.482794052115722,632,0.0007444257531519227,0.0007444257531519227,32,0.0012975941081627695,10095.745280850735
residual,residual_w100_physics_s0,physics,0,100,4,True,val,B,1-5GeV,2970.171724564807,71159.8103893522,3242.5776416730514,1.6460203012991226,0.00032903213354211827,3.3450512748385855e-06,1181464.7237645744,219,29.06626263219181,194.32988753253255,14,239.1203764747729,31863.319386796837
residual,residual_w100_physics_s0,physics,0,100,4,True,val,B,5-20GeV,618.3540968322702,11131.528674804567,690.2318093718786,0.20960577824666315,0.00017170524396845733,1.4021598706015192e-06,360379.6349347898,268,29.06626263219181,18.868742882830247,13,23.771840872143457,312.6197581884921
residual,residual_w100_physics_s0,physics,0,100,4,True,val,B,20-200GeV,666.0741340361299,6321.999637776975,1013.5105239477901,0.16453676622939314,0.001797280765927457,1.317446445639221e-05,104397.23230693299,94,29.06626263219181,8.451150669401386,5,6.659794481365111,77.86268877226932
residual,residual_w100_physics_s0,physics,0,100,4,True,val,B,all,923.7456807261424,37104.949333555734,1181.5770377664876,0.34276739062177874,0.0004940093539181608,2.7468823659746937e-06,468725.43876780034,581,29.06626263219181,29.06626263219181,32,46.362551442712174,10372.636338919856
residual,residual_w100_physics_s0,physics,0,100,4,True,val,C,1-5GeV,2.0307154549072948,354.98001469562723,2.8515149397208006,0.07452603266003277,1.6292700474808831e-06,4.057380578226618e-10,24.01565099967229,1541,1.9820198815523327e-06,2.8307738375588087e-06,18,6.750537906441423e-06,0.20163025035344614
residual,residual_w100_physics_s0,physics,0,100,4,True,val,C,5-20GeV,1.2920441498718294,198.74459204459072,1.2729850016359734,0.020911262623480448,4.0235091004659514e-05,1.2126284311405404e-09,3.982292308535307,901,1.9820198815523327e-06,6.594778056978612e-07,10,1.7530226159578888e-06,0.14228742605375028
residual,residual_w100_physics_s0,physics,0,100,4,True,val,C,20-200GeV,1.181155738291917,102.4714670585979,1.1387141414722635,0.008656149171728036,9.43433072198687e-06,1.0879685805453815e-08,0.6156453043622001,314,1.9820198815523327e-06,1.1178560299640594e-06,4,4.790932095488643e-07,0.009702852425164103
residual,residual_w100_physics_s0,physics,0,100,4,True,val,C,all,1.4032473907885645,250.64021198573272,1.6800797046035014,0.04421812528606142,1.5139659646251862e-05,6.69187526595715e-10,6.048405576626337,2756,1.9820198815523327e-06,1.9820198815523327e-06,32,5.807194725093723e-07,3.303541561407996
residual,residual_w100_physics_s0,physics,0,100,4,True,test,A,1-5GeV,8.94192814877326,69908.90794659463,8.461088923794048,0.09033445271884252,0.00639660527449927,2.1923700824598072e-06,31.11023947234115,324,0.0007444257531519227,0.002909424121233517,19,0.0028088209010346255,7173.877347743397
residual,residual_w100_physics_s0,physics,0,100,4,True,test,A,5-20GeV,1.0936481764809436,7059.9902424638685,1.5197341481085758,0.06217087313166447,0.0001626712042057408,5.300431123832941e-07,9.80516663159503,191,0.0007444257531519227,0.020400536357767507,9,0.0005096686157557428,2306.1250752016567
residual,residual_w100_physics_s0,physics,0,100,4,True,test,A,20-200GeV,0.8710087260284105,2214.5456785124215,0.9987151280479445,0.023026606228132573,0.0006965793839070564,5.97242239107817e-07,5.945399012586616,89,0.0007444257531519227,0.0004550318470283865,4,0.0009147414785637409,436.5695393626081
residual,residual_w100_physics_s0,physics,0,100,4,True,test,A,all,1.5834631748055106,21384.82702014695,1.9819013734461155,0.0617852180585755,0.0035853739637562716,7.896727889065256e-07,10.945522383782214,604,0.0007444257531519227,0.0007444257531519227,32,0.0012975941081627695,10095.745280850735
residual,residual_w100_physics_s0,physics,0,100,4,True,test,B,1-5GeV,2300.9419408329136,59165.23446642517,2703.521393230403,1.2809771567525718,8.411929540001619e-05,2.953065349184635e-06,1197127.786821343,191,29.06626263219181,194.32988753253255,14,239.1203764747729,31863.319386796837
residual,residual_w100_physics_s0,physics,0,100,4,True,test,B,5-20GeV,686.673801719877,6879.532664869036,781.8525172837383,0.21490889139621008,9.747245451370909e-05,1.8617060026136979e-06,355193.23732396663,278,29.06626263219181,18.868742882830247,13,23.771840872143457,312.6197581884921
residual,residual_w100_physics_s0,physics,0,100,4,True,test,B,20-200GeV,545.1968530151134,3963.388281058127,823.4640241156512,0.15162360835496713,0.0006890518778309826,1.2565777621572536e-05,104910.80409850382,95,29.06626263219181,8.451150669401386,5,6.659794481365111,77.86268877226932
residual,residual_w100_physics_s0,physics,0,100,4,True,test,B,all,932.2481840636954,28794.489453844428,1096.7001363734744,0.29326806506310005,0.00019259584427332903,2.9738027358605436e-06,444074.60985912883,564,29.06626263219181,29.06626263219181,32,46.362551442712174,10372.636338919856
residual,residual_w100_physics_s0,physics,0,100,4,True,test,C,1-5GeV,1.934108764807263,412.9014244037873,2.7490223664585756,0.07731741836733419,2.4820911831421446e-06,4.3610562956126204e-10,20.65045648123487,1625,1.9820198815523327e-06,2.8307738375588087e-06,18,6.750537906441423e-06,0.20163025035344614
residual,residual_w100_physics_s0,physics,0,100,4,True,test,C,5-20GeV,1.3565347875514888,172.30559233813653,1.3584755889895495,0.01943150505927249,7.690977458683988e-07,1.5363561012749211e-09,4.010366603324655,857,1.9820198815523327e-06,6.594778056978612e-07,10,1.7530226159578888e-06,0.14228742605375028
residual,residual_w100_physics_s0,physics,0,100,4,True,test,C,20-200GeV,1.2044458942508385,103.41050364709758,1.1536548135202551,0.00952896228650739,1.4601580891420765e-05,7.945910213864009e-09,0.7430259263347949,311,1.9820198815523327e-06,1.1178560299640594e-06,4,4.790932095488643e-07,0.009702852425164103
residual,residual_w100_physics_s0,physics,0,100,4,True,test,C,all,1.4866937766164767,274.65180063146187,1.7717567869937056,0.046400904771093376,3.30598159615004e-06,7.014337516386399e-10,6.63368461363234,2793,1.9820198815523327e-06,1.9820198815523327e-06,32,5.807194725093723e-07,3.303541561407996
residual,residual_w100_physics_s1,physics,1,100,4,True,val,A,1-5GeV,11.23455884542296,68078.46355140889,10.455758162533023,0.11330366007640535,0.005520505420084668,2.867215759341939e-06,25.804742523524773,350,0.0007444257531519227,0.002909424121233517,19,0.0028088209010346255,7173.877347743397
residual,residual_w100_physics_s1,physics,1,100,4,True,val,A,5-20GeV,3.574944053228446,3570.623023789846,3.492503567059546,0.05828710905267029,0.00034418552422716737,1.526480833261392e-06,11.007220319043443,184,0.0007444257531519227,0.020400536357767507,9,0.0005096686157557428,2306.1250752016567
residual,residual_w100_physics_s1,physics,1,100,4,True,val,A,20-200GeV,9.222813718602701,2790.831838536474,8.896021253432611,0.052689298587611524,0.00106720440453657,2.201326979551558e-05,15.481654977695825,98,0.0007444257531519227,0.0004550318470283865,4,0.0009147414785637409,436.5695393626081
residual,residual_w100_physics_s1,physics,1,100,4,True,val,A,all,7.819744822363445,17316.7970579284,7.585174567416752,0.07408249840400605,0.003322932065082303,4.156259960725227e-06,15.482794052115722,632,0.0007444257531519227,0.0007444257531519227,32,0.0012975941081627695,10095.745280850735
residual,residual_w100_physics_s1,physics,1,100,4,True,val,B,1-5GeV,2833.319141838274,74301.04373449676,3417.5885991230643,1.8306440575255323,0.00018864032637764055,3.755642588704864e-06,1181464.7237645744,219,29.06626263219181,194.32988753253255,14,239.1203764747729,31863.319386796837
residual,residual_w100_physics_s1,physics,1,100,4,True,val,B,5-20GeV,918.357626594485,15130.704643116955,1100.2357249284955,0.25286017580553044,0.00014223860305615185,3.8064473711211855e-06,360379.6349347898,268,29.06626263219181,18.868742882830247,13,23.771840872143457,312.6197581884921
residual,residual_w100_physics_s1,physics,1,100,4,True,val,B,20-200GeV,960.7914529846795,4773.836923942519,1248.7564790991746,0.20265409153271025,0.0012276933575483594,2.7625123406983665e-05,104397.23230693299,94,29.06626263219181,8.451150669401386,5,6.659794481365111,77.86268877226932
residual,residual_w100_physics_s1,physics,1,100,4,True,val,B,all,1301.056515316077,37378.21862735757,1508.431089397618,0.38765548489413937,0.00033534484114509087,5.019217795499648e-06,468725.43876780034,581,29.06626263219181,29.06626263219181,32,46.362551442712174,10372.636338919856
residual,residual_w100_physics_s1,physics,1,100,4,True,val,C,1-5GeV,1.5579322749772473,325.3931211861527,2.3422714266985167,0.07589705511057421,1.0296881892360112e-06,2.9732857444755725e-10,24.01565099967229,1541,1.9820198815523327e-06,2.8307738375588087e-06,18,6.750537906441423e-06,0.20163025035344614
residual,residual_w100_physics_s1,physics,1,100,4,True,val,C,5-20GeV,0.8502127052736341,184.9148260949285,0.8633879230384167,0.026127372785839445,1.197510798101254e-06,7.902095211983516e-10,3.982292308535307,901,1.9820198815523327e-06,6.594778056978612e-07,10,1.7530226159578888e-06,0.14228742605375028
residual,residual_w100_physics_s1,physics,1,100,4,True,val,C,20-200GeV,1.2881773610691205,205.28631827934228,1.2902312454006193,0.0117514432588341,6.770036647003985e-06,5.720004933919083e-09,0.6156453043622001,314,1.9820198815523327e-06,1.1178560299640594e-06,4,4.790932095488643e-07,0.009702852425164103
residual,residual_w100_physics_s1,physics,1,100,4,True,val,C,all,1.1571357233780901,257.3032139697915,1.5018683091061469,0.049898829410754963,1.7385697517638514e-06,4.854011965438818e-10,6.048405576626337,2756,1.9820198815523327e-06,1.9820198815523327e-06,32,5.807194725093723e-07,3.303541561407996
residual,residual_w100_physics_s1,physics,1,100,4,True,test,A,1-5GeV,15.289925637597346,67572.8697394984,14.247407495352693,0.14331280531500787,0.009284762717653177,3.16500094647978e-06,31.11023947234115,324,0.0007444257531519227,0.002909424121233517,19,0.0028088209010346255,7173.877347743397
residual,residual_w100_physics_s1,physics,1,100,4,True,test,A,5-20GeV,3.4736130161010514,6365.280348125509,3.364452545965735,0.061705174749976756,0.00036271157898005557,1.8832140723493397e-06,9.80516663159503,191,0.0007444257531519227,0.020400536357767507,9,0.0005096686157557428,2306.1250752016567
residual,residual_w100_physics_s1,physics,1,100,4,True,test,A,20-200GeV,4.354953045173138,2396.520443807145,4.619325871084934,0.03262918188656847,0.00032831440279884307,9.944061078714808e-06,5.945399012586616,89,0.0007444257531519227,0.0004550318470283865,4,0.0009147414785637409,436.5695393626081
residual,residual_w100_physics_s1,physics,1,100,4,True,test,A,all,4.967926040165493,19508.35517474473,4.950309327896085,0.07039094134094706,0.005143644062837612,3.4348943501315205e-06,10.945522383782214,604,0.0007444257531519227,0.0007444257531519227,32,0.0012975941081627695,10095.745280850735
residual,residual_w100_physics_s1,physics,1,100,4,True,test,B,1-5GeV,2725.7868145918565,61029.01992251896,3432.2775346449816,1.287993730263448,0.0001332655759402945,5.126715372129978e-06,1197127.786821343,191,29.06626263219181,194.32988753253255,14,239.1203764747729,31863.319386796837
residual,residual_w100_physics_s1,physics,1,100,4,True,test,B,5-20GeV,1022.3722143023792,6693.922109862866,1116.1558197109116,0.289531142462697,6.398562509750497e-05,3.905317492369144e-06,355193.23732396663,278,29.06626263219181,18.868742882830247,13,23.771840872143457,312.6197581884921
residual,residual_w100_physics_s1,physics,1,100,4,True,test,B,20-200GeV,647.9834597064382,3359.9063663825477,967.7220825114055,0.1916274856096547,0.0004678106059785358,1.561006619116407e-05,104910.80409850382,95,29.06626263219181,8.451150669401386,5,6.659794481365111,77.86268877226932
residual,residual_w100_physics_s1,physics,1,100,4,True,test,B,all,1208.8542606278736,26877.824069330192,1521.046444477804,0.3794432916543744,0.0001554676176412474,5.087269547031668e-06,444074.60985912883,564,29.06626263219181,29.06626263219181,32,46.362551442712174,10372.636338919856
residual,residual_w100_physics_s1,physics,1,100,4,True,test,C,1-5GeV,1.5805008149527566,402.64910674044063,2.4367033696819362,0.08051645607114188,1.3021632589769258e-06,3.1261304092210353e-10,20.65045648123487,1625,1.9820198815523327e-06,2.8307738375588087e-06,18,6.750537906441423e-06,0.20163025035344614
residual,residual_w100_physics_s1,physics,1,100,4,True,test,C,5-20GeV,0.8590541978135136,159.3670678500011,0.8624665191163672,0.025144971635089608,4.374016872692287e-07,9.018385497888183e-10,4.010366603324655,857,1.9820198815523327e-06,6.594778056978612e-07,10,1.7530226159578888e-06,0.14228742605375028
residual,residual_w100_physics_s1,physics,1,100,4,True,test,C,20-200GeV,1.4103290326605844,189.25419342414784,1.4169157921042341,0.012985087516490662,9.72194357272125e-05,6.396783477601055e-09,0.7430259263347949,311,1.9820198815523327e-06,1.1178560299640594e-06,4,4.790932095488643e-07,0.009702852425164103
residual,residual_w100_physics_s1,physics,1,100,4,True,test,C,all,1.2429694616002962,256.190547646952,1.6180905200187112,0.05241935065240788,1.171719049516302e-05,5.263882964240654e-10,6.63368461363234,2793,1.9820198815523327e-06,1.9820198815523327e-06,32,5.807194725093723e-07,3.303541561407996
residual,residual_w100_physics_s2,physics,2,100,4,True,val,A,1-5GeV,11.766368902358494,64442.48628782078,11.343723083663049,0.13257676262187854,0.008537754508561696,4.410106598380177e-06,25.804742523524773,350,0.0007444257531519227,0.002909424121233517,19,0.0028088209010346255,7173.877347743397
residual,residual_w100_physics_s2,physics,2,100,4,True,val,A,5-20GeV,3.14447444635739,4507.756782600499,3.1030586175481156,0.06717855097195749,0.0004991467480557329,1.8002433786190445e-06,11.007220319043443,184,0.0007444257531519227,0.020400536357767507,9,0.0005096686157557428,2306.1250752016567
residual,residual_w100_physics_s2,physics,2,100,4,True,val,A,20-200GeV,3.771229314271901,3124.2983070082187,4.114126995609007,0.045142773346184585,0.0009318805068308741,5.997542409722137e-06,15.481654977695825,98,0.0007444257531519227,0.0004550318470283865,4,0.0009147414785637409,436.5695393626081
residual,residual_w100_physics_s2,physics,2,100,4,True,val,A,all,5.225712146341266,17125.44159069828,5.269097375864867,0.08525882926481432,0.00501800849574094,3.4280667366389295e-06,15.482794052115722,632,0.0007444257531519227,0.0007444257531519227,32,0.0012975941081627695,10095.745280850735
residual,residual_w100_physics_s2,physics,2,100,4,True,val,B,1-5GeV,3016.987396069794,66353.81058303852,3265.800375366325,1.7242773279501078,0.0003615226591583552,3.5024285529610838e-06,1181464.7237645744,219,29.06626263219181,194.32988753253255,14,239.1203764747729,31863.319386796837
residual,residual_w100_physics_s2,physics,2,100,4,True,val,B,5-20GeV,717.395331106573,16060.20841165097,833.3516154754878,0.28331087711591996,0.00015127374960088587,1.992054169790713e-06,360379.6349347898,268,29.06626263219181,18.868742882830247,13,23.771840872143457,312.6197581884921
residual,residual_w100_physics_s2,physics,2,100,4,True,val,B,20-200GeV,801.9604917521121,5831.87146864009,927.0454211244079,0.16776696695394375,0.0018356421193845677,1.3656699897603809e-05,104397.23230693299,94,29.06626263219181,8.451150669401386,5,6.659794481365111,77.86268877226932
residual,residual_w100_physics_s2,physics,2,100,4,True,val,B,all,1070.4189052039812,39270.741405802255,1271.093333946851,0.40004348733523043,0.0005030381866968443,3.616156854291783e-06,468725.43876780034,581,29.06626263219181,29.06626263219181,32,46.362551442712174,10372.636338919856
residual,residual_w100_physics_s2,physics,2,100,4,True,val,C,1-5GeV,2.133466735216416,351.1132070907479,2.2701211394178245,0.0748717823491063,1.8039174956688348e-06,2.0606348791281646e-10,24.01565099967229,1541,1.9820198815523327e-06,2.8307738375588087e-06,18,6.750537906441423e-06,0.20163025035344614
residual,residual_w100_physics_s2,physics,2,100,4,True,val,C,5-20GeV,0.8785693702586528,129.5828665998613,0.8855636411908563,0.0266994745973248,1.0888318460916112e-06,8.331528916953511e-10,3.982292308535307,901,1.9820198815523327e-06,6.594778056978612e-07,10,1.7530226159578888e-06,0.14228742605375028
residual,residual_w100_physics_s2,physics,2,100,4,True,val,C,20-200GeV,0.9566066548840624,109.23863193778799,0.9302876074506194,0.00889979322671913,1.568185366776271e-05,4.67416268075284e-09,0.6156453043622001,314,1.9820198815523327e-06,1.1178560299640594e-06,4,4.790932095488643e-07,0.009702852425164103
residual,residual_w100_physics_s2,physics,2,100,4,True,val,C,all,1.2219151654575544,244.52446570705888,1.3506999336838632,0.047693042181161036,3.151297679909909e-06,3.706489301448949e-10,6.048405576626337,2756,1.9820198815523327e-06,1.9820198815523327e-06,32,5.807194725093723e-07,3.303541561407996
residual,residual_w100_physics_s2,physics,2,100,4,True,test,A,1-5GeV,16.716845930403235,88500.02442856564,16.154102834859962,0.16530524143051373,0.008781590953455777,5.3271226450462405e-06,31.11023947234115,324,0.0007444257531519227,0.002909424121233517,19,0.0028088209010346255,7173.877347743397
residual,residual_w100_physics_s2,physics,2,100,4,True,test,A,5-20GeV,3.1894344931489016,6717.933495590443,3.268020858988363,0.06167339369487351,0.0002516795020957478,2.5284027656881185e-06,9.80516663159503,191,0.0007444257531519227,0.020400536357767507,9,0.0005096686157557428,2306.1250752016567
residual,residual_w100_physics_s2,physics,2,100,4,True,test,A,20-200GeV,1.7154907782954698,2343.291727500728,2.0346313426506946,0.02035708483599189,0.0004040828194928269,1.7778732244590489e-06,5.945399012586616,89,0.0007444257531519227,0.0004550318470283865,4,0.0009147414785637409,436.5695393626081
residual,residual_w100_physics_s2,physics,2,100,4,True,test,A,all,4.137650227172274,24927.08338115469,4.219475656398686,0.07304101967972598,0.0048497841469450674,3.6045442989561654e-06,10.945522383782214,604,0.0007444257531519227,0.0007444257531519227,32,0.0012975941081627695,10095.745280850735
residual,residual_w100_physics_s2,physics,2,100,4,True,test,B,1-5GeV,2818.1205156159876,56241.45884849009,3431.76091540181,1.4712679899968606,0.0002338613774276202,3.572872737211592e-06,1197127.786821343,191,29.06626263219181,194.32988753253255,14,239.1203764747729,31863.319386796837
residual,residual_w100_physics_s2,physics,2,100,4,True,test,B,5-20GeV,731.461722506964,7304.773736362209,809.4499421655428,0.27483094998769986,5.472663078480051e-05,2.4189285743012993e-06,355193.23732396663,278,29.06626263219181,18.868742882830247,13,23.771840872143457,312.6197581884921
residual,residual_w100_physics_s2,physics,2,100,4,True,test,B,20-200GeV,608.0084220912738,5158.44623053266,816.2400796993978,0.1861708708979226,0.001422852802722649,1.0918509999761753e-05,104910.80409850382,95,29.06626263219181,8.451150669401386,5,6.659794481365111,77.86268877226932
residual,residual_w100_physics_s2,physics,2,100,4,True,test,B,all,1001.7676457292737,29314.99977009871,1220.817814758224,0.38283411254416005,0.00034583784167642137,3.487607818197144e-06,444074.60985912883,564,29.06626263219181,29.06626263219181,32,46.362551442712174,10372.636338919856
residual,residual_w100_physics_s2,physics,2,100,4,True,test,C,1-5GeV,2.0797773837557543,425.14661211531273,2.3824463461608048,0.07819339261261327,1.4481382131226462e-05,2.3532517284829547e-10,20.65045648123487,1625,1.9820198815523327e-06,2.8307738375588087e-06,18,6.750537906441423e-06,0.20163025035344614
residual,residual_w100_physics_s2,physics,2,100,4,True,test,C,5-20GeV,0.891013124906137,94.90745926285605,0.8962541951405001,0.02539279168078945,1.2248633808524674e-06,8.103671096532897e-10,4.010366603324655,857,1.9820198815523327e-06,6.594778056978612e-07,10,1.7530226159578888e-06,0.14228742605375028
residual,residual_w100_physics_s2,physics,2,100,4,True,test,C,20-200GeV,1.0196687073040778,96.56629480909373,0.9888360166878662,0.012689820122698675,7.185353783864297e-05,4.036727904464847e-09,0.7430259263347949,311,1.9820198815523327e-06,1.1178560299640594e-06,4,4.790932095488643e-07,0.009702852425164103
residual,residual_w100_physics_s2,physics,2,100,4,True,test,C,all,1.3197957658945825,231.4030609625618,1.4336796324414536,0.0506504057658369,1.680214971301523e-05,4.099184203760939e-10,6.63368461363234,2793,1.9820198815523327e-06,1.9820198815523327e-06,32,5.807194725093723e-07,3.303541561407996
residual,residual_w100_physics_s3,physics,3,100,4,True,val,A,1-5GeV,10.615288924018529,61133.31853783014,10.104681381158276,0.13853874432486618,0.004767435859334802,2.5295751296214386e-06,25.804742523524773,350,0.0007444257531519227,0.002909424121233517,19,0.0028088209010346255,7173.877347743397
residual,residual_w100_physics_s3,physics,3,100,4,True,val,A,5-20GeV,2.979650527087152,3396.693320792509,2.8510994500819398,0.0734564499578292,0.00018938900875592091,1.0254416833759404e-06,11.007220319043443,184,0.0007444257531519227,0.020400536357767507,9,0.0005096686157557428,2306.1250752016567
residual,residual_w100_physics_s3,physics,3,100,4,True,val,A,20-200GeV,4.095713662435441,1837.8350689373,4.423347530020272,0.058155117601493486,0.000244069042572564,3.359200849168242e-06,15.481654977695825,98,0.0007444257531519227,0.0004550318470283865,4,0.0009147414785637409,436.5695393626081
residual,residual_w100_physics_s3,physics,3,100,4,True,val,A,all,4.753656104086845,17136.751621921605,4.713719362936159,0.08983667202761089,0.002733178630617693,2.060127995495793e-06,15.482794052115722,632,0.0007444257531519227,0.0007444257531519227,32,0.0012975941081627695,10095.745280850735
residual,residual_w100_physics_s3,physics,3,100,4,True,val,B,1-5GeV,2912.543647489642,60722.68661259858,3531.6486875876762,1.7836024935555805,0.0002219113776082136,4.128012647076056e-06,1181464.7237645744,219,29.06626263219181,194.32988753253255,14,239.1203764747729,31863.319386796837
residual,residual_w100_physics_s3,physics,3,100,4,True,val,B,5-20GeV,516.9096585431632,10839.145150646236,690.1173364384903,0.22934327663696324,0.00015867230841863598,1.2622838358179627e-06,360379.6349347898,268,29.06626263219181,18.868742882830247,13,23.771840872143457,312.6197581884921
residual,residual_w100_physics_s3,physics,3,100,4,True,val,B,20-200GeV,549.7621622171937,4469.7287090432565,843.1448517955231,0.21544353312395043,0.0012772218775417728,9.126647867068509e-06,104397.23230693299,94,29.06626263219181,8.451150669401386,5,6.659794481365111,77.86268877226932
residual,residual_w100_physics_s3,physics,3,100,4,True,val,B,all,904.9271402560635,39169.39065024303,1093.4270862869653,0.3447472027247461,0.0003634795642707743,2.926670589769878e-06,468725.43876780034,581,29.06626263219181,29.06626263219181,32,46.362551442712174,10372.636338919856
residual,residual_w100_physics_s3,physics,3,100,4,True,val,C,1-5GeV,2.485665088446609,414.74604579798324,2.8060750005636237,0.06922148248522664,6.723866662687078e-06,3.7656630871532045e-10,24.01565099967229,1541,1.9820198815523327e-06,2.8307738375588087e-06,18,6.750537906441423e-06,0.20163025035344614
residual,residual_w100_physics_s3,physics,3,100,4,True,val,C,5-20GeV,1.1625882054797643,155.99086772044757,1.2176503794623095,0.017888827058366863,0.00013635061945367348,9.54314962142844e-10,3.982292308535307,901,1.9820198815523327e-06,6.594778056978612e-07,10,1.7530226159578888e-06,0.14228742605375028
residual,residual_w100_physics_s3,physics,3,100,4,True,val,C,20-200GeV,1.4031079272185387,142.14277906872897,1.347627407472185,0.012018178942762442,1.5544055140185293e-06,1.448607504597118e-08,0.6156453043622001,314,1.9820198815523327e-06,1.1178560299640594e-06,4,4.790932095488643e-07,0.009702852425164103
residual,residual_w100_physics_s3,physics,3,100,4,True,val,C,all,1.6440162176889483,269.83109009991324,1.742779226221458,0.04172962846249115,4.851287009664819e-05,5.968617028100747e-10,6.048405576626337,2756,1.9820198815523327e-06,1.9820198815523327e-06,32,5.807194725093723e-07,3.303541561407996
residual,residual_w100_physics_s3,physics,3,100,4,True,test,A,1-5GeV,15.010444297798742,85159.49977099751,14.275248983388167,0.14134667987565575,0.008875186628978753,3.730154944119416e-06,31.11023947234115,324,0.0007444257531519227,0.002909424121233517,19,0.0028088209010346255,7173.877347743397
residual,residual_w100_physics_s3,physics,3,100,4,True,test,A,5-20GeV,2.5656512194469627,4142.584544130841,2.3646238170289546,0.07382378261928252,0.0002815155040505044,1.4043132607274078e-06,9.80516663159503,191,0.0007444257531519227,0.020400536357767507,9,0.0005096686157557428,2306.1250752016567
residual,residual_w100_physics_s3,physics,3,100,4,True,test,A,20-200GeV,1.5522916332557646,994.1018044651046,1.899057110346547,0.034802776339276295,0.00011302145017741636,1.4659183530974941e-06,5.945399012586616,89,0.0007444257531519227,0.0004550318470283865,4,0.0009147414785637409,436.5695393626081
residual,residual_w100_physics_s3,physics,3,100,4,True,test,A,all,3.483643715968321,23005.520886351274,3.5007886952651557,0.07624091509618848,0.004866537811471113,1.8140824786410924e-06,10.945522383782214,604,0.0007444257531519227,0.0007444257531519227,32,0.0012975941081627695,10095.745280850735
residual,residual_w100_physics_s3,physics,3,100,4,True,test,B,1-5GeV,2625.84649363032,58818.96602867244,2861.8400246186866,1.346264944328001,0.0001537198402362494,3.893336404098048e-06,1197127.786821343,191,29.06626263219181,194.32988753253255,14,239.1203764747729,31863.319386796837
residual,residual_w100_physics_s3,physics,3,100,4,True,test,B,5-20GeV,572.5356521601395,8161.608339106322,744.8572503396775,0.2741224644384182,3.150937694977506e-05,1.896452933294312e-06,355193.23732396663,278,29.06626263219181,18.868742882830247,13,23.771840872143457,312.6197581884921
residual,residual_w100_physics_s3,physics,3,100,4,True,test,B,20-200GeV,556.5522188100474,2754.76036620262,805.5734998642519,0.21276701200689807,0.00041892080952046393,1.082592857790611e-05,104910.80409850382,95,29.06626263219181,8.451150669401386,5,6.659794481365111,77.86268877226932
residual,residual_w100_physics_s3,physics,3,100,4,True,test,B,all,914.5549151233965,27282.84554559808,1143.5304776867383,0.3584435805219291,0.0001381517254993,3.4283159227030143e-06,444074.60985912883,564,29.06626263219181,29.06626263219181,32,46.362551442712174,10372.636338919856
residual,residual_w100_physics_s3,physics,3,100,4,True,test,C,1-5GeV,2.4473895399008683,417.0462793272235,2.745283046976965,0.07005719591313131,3.832711580273872e-05,3.8560788556271904e-10,20.65045648123487,1625,1.9820198815523327e-06,2.8307738375588087e-06,18,6.750537906441423e-06,0.20163025035344614
residual,residual_w100_physics_s3,physics,3,100,4,True,test,C,5-20GeV,1.2630096457542095,164.73232891471238,1.287552859578156,0.016255458651900923,7.471430152722547e-07,1.0524806584095138e-09,4.010366603324655,857,1.9820198815523327e-06,6.594778056978612e-07,10,1.7530226159578888e-06,0.14228742605375028
residual,residual_w100_physics_s3,physics,3,100,4,True,test,C,20-200GeV,1.4771740453181081,140.87250569550847,1.4405904713612472,0.012329287914167493,1.2866162833811563e-05,1.048485479937261e-08,0.7430259263347949,311,1.9820198815523327e-06,1.1178560299640594e-06,4,4.790932095488643e-07,0.009702852425164103
residual,residual_w100_physics_s3,physics,3,100,4,True,test,C,all,1.655103913151379,307.4376962106017,1.7902221027839005,0.042187331669932354,2.3961060288168327e-05,5.783485973506062e-10,6.63368461363234,2793,1.9820198815523327e-06,1.9820198815523327e-06,32,5.807194725093723e-07,3.303541561407996
residual,residual_w100_physics_s4,physics,4,100,4,True,val,A,1-5GeV,11.25035653503581,63355.586502014114,10.829192988479841,0.11507439255332812,0.00812913131798808,3.4417525654187053e-06,25.804742523524773,350,0.0007444257531519227,0.002909424121233517,19,0.0028088209010346255,7173.877347743397
residual,residual_w100_physics_s4,physics,4,100,4,True,val,A,5-20GeV,4.3065359766657485,4528.312920881984,4.124523034452876,0.05294518521840527,0.00016368908477082695,2.8498063997224236e-06,11.007220319043443,184,0.0007444257531519227,0.020400536357767507,9,0.0005096686157557428,2306.1250752016567
residual,residual_w100_physics_s4,physics,4,100,4,True,val,A,20-200GeV,4.495485133586663,1840.8221693042058,7.866121102325874,0.030689790934506668,0.001068531010708201,5.304132456909329e-06,15.481654977695825,98,0.0007444257531519227,0.0004550318470283865,4,0.0009147414785637409,436.5695393626081
residual,residual_w100_physics_s4,physics,4,100,4,True,val,A,all,5.6999608681187475,18044.56108753523,7.287832596006904,0.07493606548893139,0.00471523859484662,4.013935162543792e-06,15.482794052115722,632,0.0007444257531519227,0.0007444257531519227,32,0.0012975941081627695,10095.745280850735
residual,residual_w100_physics_s4,physics,4,100,4,True,val,B,1-5GeV,3203.2188178318393,87633.08697764888,3459.2567373031216,1.774513904450048,0.0005786954468032773,4.12032247211604e-06,1181464.7237645744,219,29.06626263219181,194.32988753253255,14,239.1203764747729,31863.319386796837
residual,residual_w100_physics_s4,physics,4,100,4,True,val,B,5-20GeV,751.8494231454724,14000.872019653512,949.6719809275476,0.22549942719042593,0.00017720854778832082,2.8647939683236617e-06,360379.6349347898,268,29.06626263219181,18.868742882830247,13,23.771840872143457,312.6197581884921
residual,residual_w100_physics_s4,physics,4,100,4,True,val,B,20-200GeV,1093.2480298708488,4572.145119790885,1197.1685843554596,0.22165299761077406,0.003676727926424265,2.3158608499304622e-05,104397.23230693299,94,29.06626263219181,8.451150669401386,5,6.659794481365111,77.86268877226932
residual,residual_w100_physics_s4,physics,4,100,4,True,val,B,all,1214.93485519062,35666.50595292253,1434.0988913895671,0.3451938834280188,0.0008947308412066585,4.233437006867691e-06,468725.43876780034,581,29.06626263219181,29.06626263219181,32,46.362551442712174,10372.636338919856
residual,residual_w100_physics_s4,physics,4,100,4,True,val,C,1-5GeV,3.540950795468234,503.3466522602339,3.8217183438291613,0.0742373462591546,5.514510267229519e-07,4.0238340775110126e-10,24.01565099967229,1541,1.9820198815523327e-06,2.8307738375588087e-06,18,6.750537906441423e-06,0.20163025035344614
residual,residual_w100_physics_s4,physics,4,100,4,True,val,C,5-20GeV,1.376213813136573,256.8511409977816,1.427549610458989,0.019610354833748955,6.880028866190313e-06,8.067648838392674e-10,3.982292308535307,901,1.9820198815523327e-06,6.594778056978612e-07,10,1.7530226159578888e-06,0.14228742605375028
residual,residual_w100_physics_s4,physics,4,100,4,True,val,C,20-200GeV,1.0286326126829337,122.45252291231898,1.0743251595349834,0.014631195183108583,1.871812469262339e-05,4.134779147281549e-09,0.6156453043622001,314,1.9820198815523327e-06,1.1178560299640594e-06,4,4.790932095488643e-07,0.009702852425164103
residual,residual_w100_physics_s4,physics,4,100,4,True,val,C,all,1.8385300252869996,351.8420377825464,2.034290867356958,0.044911981077561114,4.690197095102063e-06,6.211585969484734e-10,6.048405576626337,2756,1.9820198815523327e-06,1.9820198815523327e-06,32,5.807194725093723e-07,3.303541561407996
residual,residual_w100_physics_s4,physics,4,100,4,True,test,A,1-5GeV,16.108727794684754,63497.57384615248,15.531673972488335,0.12039363161991598,0.009815132604503143,3.4596631322255795e-06,31.11023947234115,324,0.0007444257531519227,0.002909424121233517,19,0.0028088209010346255,7173.877347743397
residual,residual_w100_physics_s4,physics,4,100,4,True,test,A,5-20GeV,4.059686449903843,7105.583167761324,3.9121977534331,0.052921170263141304,0.00017470763771575877,2.5124005275602015e-06,9.80516663159503,191,0.0007444257531519227,0.020400536357767507,9,0.0005096686157557428,2306.1250752016567
residual,residual_w100_physics_s4,physics,4,100,4,True,test,A,20-200GeV,2.136073120320825,1738.6082012082618,4.1753498777318825,0.02279370789697488,4.258845003566683e-05,2.507241681661802e-06,5.945399012586616,89,0.0007444257531519227,0.0004550318470283865,4,0.0009147414785637409,436.5695393626081
residual,residual_w100_physics_s4,physics,4,100,4,True,test,A,all,4.55863045739846,24274.878992212583,5.1769809207453115,0.05584032473258428,0.005326593534297851,2.7610193216379873e-06,10.945522383782214,604,0.0007444257531519227,0.0007444257531519227,32,0.0012975941081627695,10095.745280850735
residual,residual_w100_physics_s4,physics,4,100,4,True,test,B,1-5GeV,2655.820990940583,78028.81908815163,2985.9616806459144,1.1832494140129324,0.00014194568547091127,4.2405139261832965e-06,1197127.786821343,191,29.06626263219181,194.32988753253255,14,239.1203764747729,31863.319386796837
residual,residual_w100_physics_s4,physics,4,100,4,True,test,B,5-20GeV,844.0231388765369,8499.16785636208,1003.9135280580922,0.23618425440825874,6.0907547804054713e-05,2.779937318156782e-06,355193.23732396663,278,29.06626263219181,18.868742882830247,13,23.771840872143457,312.6197581884921
residual,residual_w100_physics_s4,physics,4,100,4,True,test,B,20-200GeV,759.6732896521416,4853.580490784407,931.7777480231797,0.16801036350616236,0.0012072508556836348,1.2251284584233452e-05,104910.80409850382,95,29.06626263219181,8.451150669401386,5,6.659794481365111,77.86268877226932
residual,residual_w100_physics_s4,physics,4,100,4,True,test,B,all,1116.1169200993709,27983.860890437634,1329.616003725107,0.3504535300349887,0.00028144105585889455,4.005584129251391e-06,444074.60985912883,564,29.06626263219181,29.06626263219181,32,46.362551442712174,10372.636338919856
residual,residual_w100_physics_s4,physics,4,100,4,True,test,C,1-5GeV,3.760723679256728,573.71320528673,4.071609211450777,0.07571369043132999,2.1480724990793674e-05,4.545746371794446e-10,20.65045648123487,1625,1.9820198815523327e-06,2.8307738375588087e-06,18,6.750537906441423e-06,0.20163025035344614
residual,residual_w100_physics_s4,physics,4,100,4,True,test,C,5-20GeV,1.240244453153183,249.24603507362224,1.3731354440551513,0.01979469304044107,1.0293609947673068e-06,9.174624311554573e-10,4.010366603324655,857,1.9820198815523327e-06,6.594778056978612e-07,10,1.7530226159578888e-06,0.14228742605375028
residual,residual_w100_physics_s4,physics,4,100,4,True,test,C,20-200GeV,1.0679236293196226,220.2441646558917,1.1434278291631017,0.016103799713177575,9.160282804418737e-05,3.5647739597166577e-09,0.7430259263347949,311,1.9820198815523327e-06,1.1178560299640594e-06,4,4.790932095488643e-07,0.009702852425164103
residual,residual_w100_physics_s4,physics,4,100,4,True,test,C,all,1.8600639001320474,369.8915779954411,2.167398930108533,0.04468126562340302,2.30135409968842e-05,6.287279816827006e-10,6.63368461363234,2793,1.9820198815523327e-06,1.9820198815523327e-06,32,5.807194725093723e-07,3.303541561407996
residual,residual_w100_physics_s5,physics,5,100,4,True,val,A,1-5GeV,12.82468094594652,58464.7490186288,12.192991632115625,0.13165955813525254,0.006351102768555988,2.69868040121466e-06,25.804742523524773,350,0.0007444257531519227,0.002909424121233517,19,0.0028088209010346255,7173.877347743397
residual,residual_w100_physics_s5,physics,5,100,4,True,val,A,5-20GeV,3.756898369540962,3225.9949068558676,3.5696095320940646,0.047819127838652095,0.00011546269725691764,1.5078943907150048e-06,11.007220319043443,184,0.0007444257531519227,0.020400536357767507,9,0.0005096686157557428,2306.1250752016567
residual,residual_w100_physics_s5,physics,5,100,4,True,val,A,20-200GeV,4.757418808168157,2275.142291821777,4.122903189699323,0.040465287083350523,0.00020391375300928758,6.41877867452162e-06,15.481654977695825,98,0.0007444257531519227,0.0004550318470283865,4,0.0009147414785637409,436.5695393626081
residual,residual_w100_physics_s5,physics,5,100,4,True,val,A,all,5.5051215993185965,13427.018218807949,4.922349955100103,0.07277532423332222,0.003582459894121486,2.7992270269358937e-06,15.482794052115722,632,0.0007444257531519227,0.0007444257531519227,32,0.0012975941081627695,10095.745280850735
residual,residual_w100_physics_s5,physics,5,100,4,True,val,B,1-5GeV,2878.2202709969624,86170.19655198771,3323.525501310769,1.9189710539643245,0.0006789549272975582,5.630660147524947e-06,1181464.7237645744,219,29.06626263219181,194.32988753253255,14,239.1203764747729,31863.319386796837
residual,residual_w100_physics_s5,physics,5,100,4,True,val,B,5-20GeV,677.8216363986473,13491.096994531319,793.1701294210782,0.2310123615218325,0.00039868699777908265,2.3299506986859343e-06,360379.6349347898,268,29.06626263219181,18.868742882830247,13,23.771840872143457,312.6197581884921
residual,residual_w100_physics_s5,physics,5,100,4,True,val,B,20-200GeV,704.2999384018005,4513.73416763447,978.0393239105365,0.2071464117840995,0.0009211572098183539,1.3277974056485103e-05,104397.23230693299,94,29.06626263219181,8.451150669401386,5,6.659794481365111,77.86268877226932
residual,residual_w100_physics_s5,physics,5,100,4,True,val,B,all,1123.4046814565772,41836.31381366149,1305.2359270541274,0.342226628362724,0.0005888606234180459,4.158254100047888e-06,468725.43876780034,581,29.06626263219181,29.06626263219181,32,46.362551442712174,10372.636338919856
residual,residual_w100_physics_s5,physics,5,100,4,True,val,C,1-5GeV,1.7041527141259394,260.0737974785261,2.056540468174717,0.0664482204376926,7.230413688834954e-07,1.9067617410009977e-10,24.01565099967229,1541,1.9820198815523327e-06,2.8307738375588087e-06,18,6.750537906441423e-06,0.20163025035344614
residual,residual_w100_physics_s5,physics,5,100,4,True,val,C,5-20GeV,0.8679546913921143,172.33937378615138,0.8488419519161461,0.02152453900716028,1.020447357157895e-05,7.22600054825699e-10,3.982292308535307,901,1.9820198815523327e-06,6.594778056978612e-07,10,1.7530226159578888e-06,0.14228742605375028
residual,residual_w100_physics_s5,physics,5,100,4,True,val,C,20-200GeV,1.011018269664321,114.58447713659005,0.9719402960275403,0.013700302151125037,5.5277551508302015e-06,4.128647041781103e-09,0.6156453043622001,314,1.9820198815523327e-06,1.1178560299640594e-06,4,4.790932095488643e-07,0.009702852425164103
residual,residual_w100_physics_s5,physics,5,100,4,True,val,C,all,1.1862977743533065,206.17998807736626,1.2590058182082586,0.04006216191176394,4.3701569502187175e-06,3.7718472900542974e-10,6.048405576626337,2756,1.9820198815523327e-06,1.9820198815523327e-06,32,5.807194725093723e-07,3.303541561407996
residual,residual_w100_physics_s5,physics,5,100,4,True,test,A,1-5GeV,17.629058155223643,68392.80837620008,16.874852003331608,0.1305043403580404,0.008228441424325768,3.533607524618945e-06,31.11023947234115,324,0.0007444257531519227,0.002909424121233517,19,0.0028088209010346255,7173.877347743397
residual,residual_w100_physics_s5,physics,5,100,4,True,test,A,5-20GeV,2.959462015838965,3787.1145395434382,2.7812843730223857,0.050920064056440145,8.06477711808681e-05,1.5891893708821303e-06,9.80516663159503,191,0.0007444257531519227,0.020400536357767507,9,0.0005096686157557428,2306.1250752016567
residual,residual_w100_physics_s5,physics,5,100,4,True,test,A,20-200GeV,2.4174536433905214,2280.2355259710557,2.1070514411651864,0.027816651482956943,0.00012517291528159474,3.630036487513899e-06,5.945399012586616,89,0.0007444257531519227,0.0004550318470283865,4,0.0009147414785637409,436.5695393626081
residual,residual_w100_physics_s5,physics,5,100,4,True,test,A,all,4.281678806869471,22913.231248128148,4.201535745762874,0.06083985835958483,0.004457879362975425,2.8143855701431016e-06,10.945522383782214,604,0.0007444257531519227,0.0007444257531519227,32,0.0012975941081627695,10095.745280850735
residual,residual_w100_physics_s5,physics,5,100,4,True,test,B,1-5GeV,2125.3896946082023,59634.16624440902,2468.264282486459,1.3578176366548234,0.0002618530093273794,3.660515279875782e-06,1197127.786821343,191,29.06626263219181,194.32988753253255,14,239.1203764747729,31863.319386796837
residual,residual_w100_physics_s5,physics,5,100,4,True,test,B,5-20GeV,673.4130502501081,7706.538826820941,793.5261141353323,0.25778084908664733,4.070048464981273e-05,2.167678187908928e-06,355193.23732396663,278,29.06626263219181,18.868742882830247,13,23.771840872143457,312.6197581884921
residual,residual_w100_physics_s5,physics,5,100,4,True,test,B,20-200GeV,603.472315061623,2796.28009423655,821.3151336543092,0.21803553430529976,0.0004411936893164598,8.09397922487597e-06,104910.80409850382,95,29.06626263219181,8.451150669401386,5,6.659794481365111,77.86268877226932
residual,residual_w100_physics_s5,physics,5,100,4,True,test,B,all,943.5673809750824,27346.480431253087,1171.6103521308412,0.35062198910523756,0.00018305329787099485,3.720231055950191e-06,444074.60985912883,564,29.06626263219181,29.06626263219181,32,46.362551442712174,10372.636338919856
residual,residual_w100_physics_s5,physics,5,100,4,True,test,C,1-5GeV,1.804375633582822,306.6090057190648,2.072433519073158,0.06534192186208321,1.0126382815854504e-05,2.4528500074883347e-10,20.65045648123487,1625,1.9820198815523327e-06,2.8307738375588087e-06,18,6.750537906441423e-06,0.20163025035344614
residual,residual_w100_physics_s5,physics,5,100,4,True,test,C,5-20GeV,0.8689946780577884,132.27649313255935,0.8421272844261196,0.01807078817139124,1.4534170080694213e-06,7.520336673884308e-10,4.010366603324655,857,1.9820198815523327e-06,6.594778056978612e-07,10,1.7530226159578888e-06,0.14228742605375028
residual,residual_w100_physics_s5,physics,5,100,4,True,test,C,20-200GeV,0.8639651993505026,159.66315498997474,0.8755318550432989,0.012404657013409537,8.570798472218315e-05,3.293492493669487e-09,0.7430259263347949,311,1.9820198815523327e-06,1.1178560299640594e-06,4,4.790932095488643e-07,0.009702852425164103
residual,residual_w100_physics_s5,physics,5,100,4,True,test,C,all,1.1768504072340313,178.8601771087998,1.2649002934495002,0.03876251593885535,1.588117926970212e-05,3.780065336131697e-10,6.63368461363234,2793,1.9820198815523327e-06,1.9820198815523327e-06,32,5.807194725093723e-07,3.303541561407996
residual,residual_w100_physics_s6,physics,6,100,4,True,val,A,1-5GeV,14.53465774611068,59078.67579247481,13.756467321534792,0.132693715544226,0.009733800266101962,3.3829283197253103e-06,25.804742523524773,350,0.0007444257531519227,0.002909424121233517,19,0.0028088209010346255,7173.877347743397
residual,residual_w100_physics_s6,physics,6,100,4,True,val,A,5-20GeV,4.578757430718228,3028.9551700109355,4.205410379649832,0.05887993914696285,0.00013993457840349137,1.824978966681493e-06,11.007220319043443,184,0.0007444257531519227,0.020400536357767507,9,0.0005096686157557428,2306.1250752016567
residual,residual_w100_physics_s6,physics,6,100,4,True,val,A,20-200GeV,9.238358267445236,1521.7366733945826,10.015196754858774,0.036805233011583116,0.005977442475004044,1.867651883254916e-05,15.481654977695825,98,0.0007444257531519227,0.0004550318470283865,4,0.0009147414785637409,436.5695393626081
residual,residual_w100_physics_s6,physics,6,100,4,True,val,A,all,8.471254899413694,16730.376194203764,8.183587184983299,0.0759082317457159,0.006358176294481528,4.359353000839046e-06,15.482794052115722,632,0.0007444257531519227,0.0007444257531519227,32,0.0012975941081627695,10095.745280850735
residual,residual_w100_physics_s6,physics,6,100,4,True,val,B,1-5GeV,3376.2473485830924,52792.16961062115,3507.8848506257145,1.9261846598827015,0.0009392000983903269,5.343465290193712e-06,1181464.7237645744,219,29.06626263219181,194.32988753253255,14,239.1203764747729,31863.319386796837
residual,residual_w100_physics_s6,physics,6,100,4,True,val,B,5-20GeV,774.3243991950167,8904.755506514455,945.4823969062431,0.24420740302460997,0.003430083047215256,2.5743784802909073e-06,360379.6349347898,268,29.06626263219181,18.868742882830247,13,23.771840872143457,312.6197581884921
residual,residual_w100_physics_s6,physics,6,100,4,True,val,B,20-200GeV,769.1293877263803,4945.118820475496,1101.3243773476802,0.18969654686094678,0.0033383861168451946,1.496428472250908e-05,104397.23230693299,94,29.06626263219181,8.451150669401386,5,6.659794481365111,77.86268877226932
residual,residual_w100_physics_s6,physics,6,100,4,True,val,B,all,1265.6514859629624,38116.69720998316,1392.9398586139996,0.3487834366230347,0.002476343155223096,4.235503474098721e-06,468725.43876780034,581,29.06626263219181,29.06626263219181,32,46.362551442712174,10372.636338919856
residual,residual_w100_physics_s6,physics,6,100,4,True,val,C,1-5GeV,3.0803006754922535,414.4093420552508,3.2386300642883725,0.07039092470412234,2.619763096169348e-06,2.52705426265893e-10,24.01565099967229,1541,1.9820198815523327e-06,2.8307738375588087e-06,18,6.750537906441423e-06,0.20163025035344614
residual,residual_w100_physics_s6,physics,6,100,4,True,val,C,5-20GeV,1.0997752819985607,279.7347119104785,1.3487207326079442,0.016874977632586052,5.71765372809351e-06,6.413856426766867e-10,3.982292308535307,901,1.9820198815523327e-06,6.594778056978612e-07,10,1.7530226159578888e-06,0.14228742605375028
residual,residual_w100_physics_s6,physics,6,100,4,True,val,C,20-200GeV,1.452640903566893,96.30300459674,1.42314166807056,0.009086774613646393,1.5839294781531862e-05,3.38718262694011e-09,0.6156453043622001,314,1.9820198815523327e-06,1.1178560299640594e-06,4,4.790932095488643e-07,0.009702852425164103
residual,residual_w100_physics_s6,physics,6,100,4,True,val,C,all,1.714191722881786,348.289265860906,1.8148918110512113,0.03977798715570778,5.138679064444928e-06,4.273099545950733e-10,6.048405576626337,2756,1.9820198815523327e-06,1.9820198815523327e-06,32,5.807194725093723e-07,3.303541561407996
residual,residual_w100_physics_s6,physics,6,100,4,True,test,A,1-5GeV,18.1009558592633,74394.43705267156,17.238671445854003,0.141019001588652,0.009870667715034377,6.466394322699686e-06,31.11023947234115,324,0.0007444257531519227,0.002909424121233517,19,0.0028088209010346255,7173.877347743397
residual,residual_w100_physics_s6,physics,6,100,4,True,test,A,5-20GeV,4.068369646531345,6105.016619779406,3.8420361604138975,0.06882006917284522,0.00023357822299230902,2.6171494730508835e-06,9.80516663159503,191,0.0007444257531519227,0.020400536357767507,9,0.0005096686157557428,2306.1250752016567
residual,residual_w100_physics_s6,physics,6,100,4,True,test,A,20-200GeV,5.035219507094402,1369.0859624264297,5.0510808227879345,0.02236816749684608,0.0001603644990626781,8.13647690158465e-06,5.945399012586616,89,0.0007444257531519227,0.0004550318470283865,4,0.0009147414785637409,436.5695393626081
residual,residual_w100_physics_s6,physics,6,100,4,True,test,A,all,5.8440223454415685,27327.890917966408,5.833876243155789,0.068254794724526,0.005392354669998754,4.876440351182428e-06,10.945522383782214,604,0.0007444257531519227,0.0007444257531519227,32,0.0012975941081627695,10095.745280850735
residual,residual_w100_physics_s6,physics,6,100,4,True,test,B,1-5GeV,2848.585960079788,75348.11980742263,3207.432924765726,1.24499705335962,0.0003573064282407331,4.090696211853718e-06,1197127.786821343,191,29.06626263219181,194.32988753253255,14,239.1203764747729,31863.319386796837
residual,residual_w100_physics_s6,physics,6,100,4,True,test,B,5-20GeV,823.2905345801527,5189.0011476011205,966.8272257186281,0.2276094225728137,0.0001178743462605743,2.8216011076560318e-06,355193.23732396663,278,29.06626263219181,18.868742882830247,13,23.771840872143457,312.6197581884921
residual,residual_w100_physics_s6,physics,6,100,4,True,test,B,20-200GeV,759.3388119802285,4531.079941636999,972.6876744608148,0.17389443783401293,0.0013960982157359488,1.546808058407944e-05,104910.80409850382,95,29.06626263219181,8.451150669401386,5,6.659794481365111,77.86268877226932
residual,residual_w100_physics_s6,physics,6,100,4,True,test,B,all,1114.073384689746,26499.77962307236,1270.1897907199395,0.32496867584761413,0.00041426228111584185,3.894427938433899e-06,444074.60985912883,564,29.06626263219181,29.06626263219181,32,46.362551442712174,10372.636338919856
residual,residual_w100_physics_s6,physics,6,100,4,True,test,C,1-5GeV,2.8790487145897714,472.6529434689722,3.211095865935931,0.07514188700641355,1.4850512572687567e-05,2.79140780986043e-10,20.65045648123487,1625,1.9820198815523327e-06,2.8307738375588087e-06,18,6.750537906441423e-06,0.20163025035344614
residual,residual_w100_physics_s6,physics,6,100,4,True,test,C,5-20GeV,1.1085821475944613,288.20161631459194,1.283048653476726,0.016931847993362573,8.210970630712627e-07,7.959765236174002e-10,4.010366603324655,857,1.9820198815523327e-06,6.594778056978612e-07,10,1.7530226159578888e-06,0.14228742605375028
residual,residual_w100_physics_s6,physics,6,100,4,True,test,C,20-200GeV,1.379860168981395,168.6182934124254,1.4361181781996635,0.009770783100227984,1.5263521825691537e-05,2.9669952919221044e-09,0.7430259263347949,311,1.9820198815523327e-06,1.1178560299640594e-06,4,4.790932095488643e-07,0.009702852425164103
residual,residual_w100_physics_s6,physics,6,100,4,True,test,C,all,1.7356708689142408,337.58164325556965,1.9139418807156972,0.041956704362439146,1.0591735911729118e-05,5.089795463599882e-10,6.63368461363234,2793,1.9820198815523327e-06,1.9820198815523327e-06,32,5.807194725093723e-07,3.303541561407996
residual,residual_w100_physics_s7,physics,7,100,4,True,val,A,1-5GeV,11.628465163329826,52490.155297309764,11.025549526116285,0.11176608987127634,0.007056376282865526,4.026053717707567e-06,25.804742523524773,350,0.0007444257531519227,0.002909424121233517,19,0.0028088209010346255,7173.877347743397
residual,residual_w100_physics_s7,physics,7,100,4,True,val,A,5-20GeV,3.2847929183440483,3942.1291827907735,3.1324221882108594,0.05500052654099043,0.00013344572623316225,1.8260976312193622e-06,11.007220319043443,184,0.0007444257531519227,0.020400536357767507,9,0.0005096686157557428,2306.1250752016567
residual,residual_w100_physics_s7,physics,7,100,4,True,val,A,20-200GeV,9.584637118642881,2720.6476851614984,9.029744764698755,0.0621231691277091,0.0005119315726304486,1.3451746412793636e-05,15.481654977695825,98,0.0007444257531519227,0.0004550318470283865,4,0.0009147414785637409,436.5695393626081
residual,residual_w100_physics_s7,physics,7,100,4,True,val,A,all,7.770129517693347,17157.526694865304,7.474061953640199,0.07102680844480944,0.004026036403081677,3.6156994175420306e-06,15.482794052115722,632,0.0007444257531519227,0.0007444257531519227,32,0.0012975941081627695,10095.745280850735
residual,residual_w100_physics_s7,physics,7,100,4,True,val,B,1-5GeV,3315.9026795365776,71411.71419928146,3631.490043281815,1.7655261289012958,0.0003572084515878742,4.695479724638119e-06,1181464.7237645744,219,29.06626263219181,194.32988753253255,14,239.1203764747729,31863.319386796837
residual,residual_w100_physics_s7,physics,7,100,4,True,val,B,5-20GeV,752.6599556324811,8742.437773085463,848.8861425898904,0.2530392912199128,0.00024672817749439715,2.4414049756885615e-06,360379.6349347898,268,29.06626263219181,18.868742882830247,13,23.771840872143457,312.6197581884921
residual,residual_w100_physics_s7,physics,7,100,4,True,val,B,20-200GeV,774.1967632795977,3369.891620773956,896.2452510450944,0.24638988368050688,0.006039677966975047,1.7079580020377258e-05,104397.23230693299,94,29.06626263219181,8.451150669401386,5,6.659794481365111,77.86268877226932
residual,residual_w100_physics_s7,physics,7,100,4,True,val,B,all,1078.038943648295,41497.41615421044,1244.4915412744137,0.3987794708104897,0.0012256136512252965,4.060730158606761e-06,468725.43876780034,581,29.06626263219181,29.06626263219181,32,46.362551442712174,10372.636338919856
residual,residual_w100_physics_s7,physics,7,100,4,True,val,C,1-5GeV,2.1992692204548803,385.1881797839951,3.1284505491413483,0.07428835944367496,1.0513603886839805e-06,3.215341034042707e-10,24.01565099967229,1541,1.9820198815523327e-06,2.8307738375588087e-06,18,6.750537906441423e-06,0.20163025035344614
residual,residual_w100_physics_s7,physics,7,100,4,True,val,C,5-20GeV,1.0609758495210286,173.49412712783874,1.2751201952596602,0.023295632836107735,7.847946603164695e-07,1.023161792570331e-09,3.982292308535307,901,1.9820198815523327e-06,6.594778056978612e-07,10,1.7530226159578888e-06,0.14228742605375028
residual,residual_w100_physics_s7,physics,7,100,4,True,val,C,20-200GeV,0.9493155386537389,90.87397575298309,0.9702001056397513,0.009979844339102345,6.110079681677325e-06,5.911290664900322e-09,0.6156453043622001,314,1.9820198815523327e-06,1.1178560299640594e-06,4,4.790932095488643e-07,0.009702852425164103
residual,residual_w100_physics_s7,physics,7,100,4,True,val,C,all,1.36665775523781,274.4502509470692,1.64618351036383,0.043040695484464556,1.5405701625376752e-06,5.480714431280254e-10,6.048405576626337,2756,1.9820198815523327e-06,1.9820198815523327e-06,32,5.807194725093723e-07,3.303541561407996
residual,residual_w100_physics_s7,physics,7,100,4,True,test,A,1-5GeV,14.67226843933689,76213.87066747039,13.732832405667917,0.11778538862882793,0.009511197275138028,3.8245519233539445e-06,31.11023947234115,324,0.0007444257531519227,0.002909424121233517,19,0.0028088209010346255,7173.877347743397
residual,residual_w100_physics_s7,physics,7,100,4,True,test,A,5-20GeV,3.07445374707771,7655.223093421,3.102639512419625,0.054024377107064064,0.00016268620064463876,2.182193274831712e-06,9.80516663159503,191,0.0007444257531519227,0.020400536357767507,9,0.0005096686157557428,2306.1250752016567
residual,residual_w100_physics_s7,physics,7,100,4,True,test,A,20-200GeV,3.1942627110446153,1767.5819278770916,3.0988157967851704,0.031117845161968832,0.00013667482608739086,6.647115686423414e-06,5.945399012586616,89,0.0007444257531519227,0.0004550318470283865,4,0.0009147414785637409,436.5695393626081
residual,residual_w100_physics_s7,physics,7,100,4,True,test,A,all,4.865965164395525,24425.740682020947,4.551266384939967,0.06599106906089768,0.005173617617532491,2.9946041872753896e-06,10.945522383782214,604,0.0007444257531519227,0.0007444257531519227,32,0.0012975941081627695,10095.745280850735
residual,residual_w100_physics_s7,physics,7,100,4,True,test,B,1-5GeV,2155.598040527366,53985.58442608737,2798.099033016115,1.4415906330766948,0.0001657269766691383,4.013487470948531e-06,1197127.786821343,191,29.06626263219181,194.32988753253255,14,239.1203764747729,31863.319386796837
residual,residual_w100_physics_s7,physics,7,100,4,True,test,B,5-20GeV,818.9032366128686,7259.595410748689,889.6239303917923,0.2604319937873911,4.1478422654587095e-05,2.486518151350411e-06,355193.23732396663,278,29.06626263219181,18.868742882830247,13,23.771840872143457,312.6197581884921
residual,residual_w100_physics_s7,physics,7,100,4,True,test,B,20-200GeV,831.7608093204854,3282.6384723770543,912.723635742708,0.2242624159790596,0.0003459063549888595,2.0184109001372983e-05,104910.80409850382,95,29.06626263219181,8.451150669401386,5,6.659794481365111,77.86268877226932
residual,residual_w100_physics_s7,physics,7,100,4,True,test,B,all,1049.8785333945193,24498.579487532315,1159.9545082590303,0.34773543268562523,0.00013483325844986215,4.235509022018875e-06,444074.60985912883,564,29.06626263219181,29.06626263219181,32,46.362551442712174,10372.636338919856
residual,residual_w100_physics_s7,physics,7,100,4,True,test,C,1-5GeV,2.1898245891236456,462.6703317798726,2.9662414744962007,0.07329556919538627,1.1502026100483715e-05,3.553933910118566e-10,20.65045648123487,1625,1.9820198815523327e-06,2.8307738375588087e-06,18,6.750537906441423e-06,0.20163025035344614
residual,residual_w100_physics_s7,physics,7,100,4,True,test,C,5-20GeV,0.9859293495537713,156.26239493806673,1.243725656991046,0.02064931022827815,5.7495480986092e-07,1.1377616582645864e-09,4.010366603324655,857,1.9820198815523327e-06,6.594778056978612e-07,10,1.7530226159578888e-06,0.14228742605375028
residual,residual_w100_physics_s7,physics,7,100,4,True,test,C,20-200GeV,0.9322302865246712,141.7582705634146,0.9847437386429903,0.012065478490157558,3.73257064410077e-05,4.877449529937261e-09,0.7430259263347949,311,1.9820198815523327e-06,1.1178560299640594e-06,4,4.790932095488643e-07,0.009702852425164103
residual,residual_w100_physics_s7,physics,7,100,4,True,test,C,all,1.3170114179956727,275.83210947732414,1.6667404217534099,0.04480967585003548,1.1024641385066324e-05,5.529952757801568e-10,6.63368461363234,2793,1.9820198815523327e-06,1.9820198815523327e-06,32,5.807194725093723e-07,3.303541561407996
residual,residual_w100_physics_s8,physics,8,100,4,True,val,A,1-5GeV,7.985658943282903,45257.89049992282,10.793581197532486,0.14465296859164298,0.0069921176855101425,3.0439331298232135e-06,25.804742523524773,350,0.0007444257531519227,0.002909424121233517,19,0.0028088209010346255,7173.877347743397
residual,residual_w100_physics_s8,physics,8,100,4,True,val,A,5-20GeV,5.3425984866758425,4431.669017397915,5.371136628085916,0.03755573517423734,0.0003921276395133992,3.287139395827582e-06,11.007220319043443,184,0.0007444257531519227,0.020400536357767507,9,0.0005096686157557428,2306.1250752016567
residual,residual_w100_physics_s8,physics,8,100,4,True,val,A,20-200GeV,10.914539434843551,3836.9679806729832,11.340389478645797,0.021840730570886306,0.0006098559691278188,1.625658297938812e-05,15.481654977695825,98,0.0007444257531519227,0.0004550318470283865,4,0.0009147414785637409,436.5695393626081
residual,residual_w100_physics_s8,physics,8,100,4,True,val,A,all,7.45040254896745,16804.221575483534,7.7654752409307415,0.06320813215435986,0.004080947089515097,4.931625858765582e-06,15.482794052115722,632,0.0007444257531519227,0.0007444257531519227,32,0.0012975941081627695,10095.745280850735
residual,residual_w100_physics_s8,physics,8,100,4,True,val,B,1-5GeV,3552.8607908461254,65069.64281898309,4121.075295824256,1.783077551968701,0.0001865732202302152,6.366812790684733e-06,1181464.7237645744,219,29.06626263219181,194.32988753253255,14,239.1203764747729,31863.319386796837
residual,residual_w100_physics_s8,physics,8,100,4,True,val,B,5-20GeV,757.9295393657812,11635.911408584487,987.7609879176532,0.27374446271148833,0.00019104369790571456,2.736167131018026e-06,360379.6349347898,268,29.06626263219181,18.868742882830247,13,23.771840872143457,312.6197581884921
residual,residual_w100_physics_s8,physics,8,100,4,True,val,B,20-200GeV,671.0954823788917,14345.315297715368,998.8626995307256,0.18658752101630496,0.0028208656688210906,1.1893448677743723e-05,104397.23230693299,94,29.06626263219181,8.451150669401386,5,6.659794481365111,77.86268877226932
residual,residual_w100_physics_s8,physics,8,100,4,True,val,B,all,1250.9160752582602,33628.66468031876,1549.964022053615,0.4286666380442956,0.0006148375544549591,4.964391036029128e-06,468725.43876780034,581,29.06626263219181,29.06626263219181,32,46.362551442712174,10372.636338919856
residual,residual_w100_physics_s8,physics,8,100,4,True,val,C,1-5GeV,3.2282684050528587,496.9541051195847,3.4614133035120176,0.07836818348409824,2.020940401389028e-06,4.841784943331644e-10,24.01565099967229,1541,1.9820198815523327e-06,2.8307738375588087e-06,18,6.750537906441423e-06,0.20163025035344614
residual,residual_w100_physics_s8,physics,8,100,4,True,val,C,5-20GeV,1.9510646147864463,355.4027763233307,1.9184646508392245,0.02457276438225242,4.359338843543605e-06,1.2757330813633144e-09,3.982292308535307,901,1.9820198815523327e-06,6.594778056978612e-07,10,1.7530226159578888e-06,0.14228742605375028
residual,residual_w100_physics_s8,physics,8,100,4,True,val,C,20-200GeV,1.8923191052562238,155.51459264443022,1.864576675828289,0.014243436935112161,2.0410888384374256e-05,2.9927443060965654e-09,0.6156453043622001,314,1.9820198815523327e-06,1.1178560299640594e-06,4,4.790932095488643e-07,0.009702852425164103
residual,residual_w100_physics_s8,physics,8,100,4,True,val,C,all,2.3001690671166575,377.911798584571,2.395159328042684,0.045887840894028115,4.8806431093130624e-06,7.668888223477174e-10,6.048405576626337,2756,1.9820198815523327e-06,1.9820198815523327e-06,32,5.807194725093723e-07,3.303541561407996
residual,residual_w100_physics_s8,physics,8,100,4,True,test,A,1-5GeV,12.118694155797915,49876.57199251731,13.252449477706485,0.13866070482951687,0.004033274869394177,2.81979058603185e-06,31.11023947234115,324,0.0007444257531519227,0.002909424121233517,19,0.0028088209010346255,7173.877347743397
residual,residual_w100_physics_s8,physics,8,100,4,True,test,A,5-20GeV,3.9999776991317404,4864.879513863854,4.010800206253773,0.03639195059668664,0.00014371783524267032,2.413916080078886e-06,9.80516663159503,191,0.0007444257531519227,0.020400536357767507,9,0.0005096686157557428,2306.1250752016567
residual,residual_w100_physics_s8,physics,8,100,4,True,test,A,20-200GeV,4.0829731271350145,1679.9571316181298,4.134116127075038,0.0136658375639101,0.0001424166841544498,8.193492148992418e-06,5.945399012586616,89,0.0007444257531519227,0.0004550318470283865,4,0.0009147414785637409,436.5695393626081
residual,residual_w100_physics_s8,physics,8,100,4,True,test,A,all,4.951620995915285,26897.68152518909,5.1834097117628435,0.05351963148601119,0.0022299772336172342,3.5185743153890123e-06,10.945522383782214,604,0.0007444257531519227,0.0007444257531519227,32,0.0012975941081627695,10095.745280850735
residual,residual_w100_physics_s8,physics,8,100,4,True,test,B,1-5GeV,2681.303745518605,71369.35784895116,3105.5520192423955,1.3051688078924428,0.0003260520287757934,3.6135695435325404e-06,1197127.786821343,191,29.06626263219181,194.32988753253255,14,239.1203764747729,31863.319386796837
residual,residual_w100_physics_s8,physics,8,100,4,True,test,B,5-20GeV,846.7134638006257,7147.007231604542,1079.8167577123222,0.2627402195383641,3.944907416765481e-05,2.668435635300867e-06,355193.23732396663,278,29.06626263219181,18.868742882830247,13,23.771840872143457,312.6197581884921
residual,residual_w100_physics_s8,physics,8,100,4,True,test,B,20-200GeV,702.7788341958399,5551.539428127706,986.6198560944781,0.16972572745739545,0.0016028335331977233,1.346250225525004e-05,104910.80409850382,95,29.06626263219181,8.451150669401386,5,6.659794481365111,77.86268877226932
residual,residual_w100_physics_s8,physics,8,100,4,True,test,B,all,1154.2825909035414,25224.923260634787,1443.9582890203937,0.37728910396484655,0.0003998439109371778,3.62766317776678e-06,444074.60985912883,564,29.06626263219181,29.06626263219181,32,46.362551442712174,10372.636338919856
residual,residual_w100_physics_s8,physics,8,100,4,True,test,C,1-5GeV,3.121983529787542,644.1087065136339,3.3156272168071155,0.07974050904746566,1.8188182508338453e-06,5.125876166715357e-10,20.65045648123487,1625,1.9820198815523327e-06,2.8307738375588087e-06,18,6.750537906441423e-06,0.20163025035344614
residual,residual_w100_physics_s8,physics,8,100,4,True,test,C,5-20GeV,1.905733360757722,345.535500127038,1.9141253083034826,0.02599912259912407,3.372355224698651e-06,1.149982045693349e-09,4.010366603324655,857,1.9820198815523327e-06,6.594778056978612e-07,10,1.7530226159578888e-06,0.14228742605375028
residual,residual_w100_physics_s8,physics,8,100,4,True,test,C,20-200GeV,1.9962954097785257,176.86349458063688,1.9974911948616794,0.013525771335945978,9.604388945051108e-05,2.047406879915665e-09,0.7430259263347949,311,1.9820198815523327e-06,1.1178560299640594e-06,4,4.790932095488643e-07,0.009702852425164103
residual,residual_w100_physics_s8,physics,8,100,4,True,test,C,all,2.385354389611294,428.44103520502017,2.477090359505496,0.04741787741680475,1.2787446367447436e-05,7.743297722344993e-10,6.63368461363234,2793,1.9820198815523327e-06,1.9820198815523327e-06,32,5.807194725093723e-07,3.303541561407996
residual,residual_w100_physics_s9,physics,9,100,4,True,val,A,1-5GeV,7.187259723551276,60051.2632970146,6.9395699489527285,0.13121198766530978,0.007431020096228644,1.9098620055552846e-06,25.804742523524773,350,0.0007444257531519227,0.002909424121233517,19,0.0028088209010346255,7173.877347743397
residual,residual_w100_physics_s9,physics,9,100,4,True,val,A,5-20GeV,1.6480973757737605,3672.1036330843467,1.6179731991263213,0.07393519635754374,0.0003207832159667703,6.826861819557903e-07,11.007220319043443,184,0.0007444257531519227,0.020400536357767507,9,0.0005096686157557428,2306.1250752016567
residual,residual_w100_physics_s9,physics,9,100,4,True,val,A,20-200GeV,3.889563266784024,2930.3930566455006,3.6835418157192548,0.0488855046696891,0.0003402434302477108,7.470687770488927e-06,15.481654977695825,98,0.0007444257531519227,0.0004550318470283865,4,0.0009147414785637409,436.5695393626081
residual,residual_w100_physics_s9,physics,9,100,4,True,val,A,all,3.0336597461976256,20646.08038440569,2.848073770237547,0.08799424073507346,0.004261431964528775,2.0395462700645965e-06,15.482794052115722,632,0.0007444257531519227,0.0007444257531519227,32,0.0012975941081627695,10095.745280850735
residual,residual_w100_physics_s9,physics,9,100,4,True,val,B,1-5GeV,3080.5576814863684,70878.25099022068,3342.5137221775003,1.376103029203657,0.00048323960157420457,3.8127728027341734e-06,1181464.7237645744,219,29.06626263219181,194.32988753253255,14,239.1203764747729,31863.319386796837
residual,residual_w100_physics_s9,physics,9,100,4,True,val,B,5-20GeV,652.5021300725484,9340.389582825106,764.1134172450847,0.2214153781922804,0.00013172201629257886,2.2952951769221357e-06,360379.6349347898,268,29.06626263219181,18.868742882830247,13,23.771840872143457,312.6197581884921
residual,residual_w100_physics_s9,physics,9,100,4,True,val,B,20-200GeV,740.2476979149515,2825.0679919181134,814.6933794269984,0.1629803305894617,0.0006119271556400306,1.1251371056631457e-05,104397.23230693299,94,29.06626263219181,8.451150669401386,5,6.659794481365111,77.86268877226932
residual,residual_w100_physics_s9,physics,9,100,4,True,val,B,all,1037.2085089757093,31317.11590328132,1151.0280813555198,0.33054482051012024,0.00034191415790245236,3.5108715199348845e-06,468725.43876780034,581,29.06626263219181,29.06626263219181,32,46.362551442712174,10372.636338919856
residual,residual_w100_physics_s9,physics,9,100,4,True,val,C,1-5GeV,3.097718554677442,423.85343425769406,4.05858656714031,0.06230214124401667,2.2174236334427325e-06,6.986828454723297e-10,24.01565099967229,1541,1.9820198815523327e-06,2.8307738375588087e-06,18,6.750537906441423e-06,0.20163025035344614
residual,residual_w100_physics_s9,physics,9,100,4,True,val,C,5-20GeV,1.2351488739383853,276.4504788521833,1.1934399604420776,0.011894287042005756,6.506946403613168e-06,1.633200078824745e-09,3.982292308535307,901,1.9820198815523327e-06,6.594778056978612e-07,10,1.7530226159578888e-06,0.14228742605375028
residual,residual_w100_physics_s9,physics,9,100,4,True,val,C,20-200GeV,1.0867264165888013,87.71581960547472,1.0651959168073155,0.006568674333466001,3.235701915304207e-06,6.652390725065916e-09,0.6156453043622001,314,1.9820198815523327e-06,1.1178560299640594e-06,4,4.790932095488643e-07,0.009702852425164103
residual,residual_w100_physics_s9,physics,9,100,4,True,val,C,all,1.5367406792514693,313.4827363987682,1.7538445414402304,0.03506818169072071,3.7357833563847004e-06,1.033057998314499e-09,6.048405576626337,2756,1.9820198815523327e-06,1.9820198815523327e-06,32,5.807194725093723e-07,3.303541561407996
residual,residual_w100_physics_s9,physics,9,100,4,True,test,A,1-5GeV,8.548719126982075,70514.31999371009,8.293092665758728,0.12661508249390413,0.0075404450548750505,2.0354131886286607e-06,31.11023947234115,324,0.0007444257531519227,0.002909424121233517,19,0.0028088209010346255,7173.877347743397
residual,residual_w100_physics_s9,physics,9,100,4,True,test,A,5-20GeV,1.2296261750496806,7584.822586866835,1.109082011504281,0.07444870100668625,0.00015751356841539556,5.9312580337882e-07,9.80516663159503,191,0.0007444257531519227,0.020400536357767507,9,0.0005096686157557428,2306.1250752016567
residual,residual_w100_physics_s9,physics,9,100,4,True,test,A,20-200GeV,1.784834524159784,1645.7852671608966,1.6342054195376265,0.031442152866906214,8.005166256814816e-05,3.094195673470519e-06,5.945399012586616,89,0.0007444257531519227,0.0004550318470283865,4,0.0009147414785637409,436.5695393626081
residual,residual_w100_physics_s9,physics,9,100,4,True,test,A,all,2.304850499023625,22580.548423265547,2.225639146055225,0.08055236545293204,0.004106479945886459,1.1885111161803107e-06,10.945522383782214,604,0.0007444257531519227,0.0007444257531519227,32,0.0012975941081627695,10095.745280850735
residual,residual_w100_physics_s9,physics,9,100,4,True,test,B,1-5GeV,2476.60388533086,56157.00154291244,2648.6425429820883,1.5483960817037397,0.00013315824568772223,3.526067465805949e-06,1197127.786821343,191,29.06626263219181,194.32988753253255,14,239.1203764747729,31863.319386796837
residual,residual_w100_physics_s9,physics,9,100,4,True,test,B,5-20GeV,706.9709030216842,7894.238384230395,836.0818846450488,0.21160877345460793,0.00018652975646355947,2.1799265359884988e-06,355193.23732396663,278,29.06626263219181,18.868742882830247,13,23.771840872143457,312.6197581884921
residual,residual_w100_physics_s9,physics,9,100,4,True,test,B,20-200GeV,580.7189042124605,2542.718977808613,682.1664372707517,0.14808624453492222,0.0001855156411227,6.780824080860782e-06,104910.80409850382,95,29.06626263219181,8.451150669401386,5,6.659794481365111,77.86268877226932
residual,residual_w100_physics_s9,physics,9,100,4,True,test,B,all,878.0717408294372,26032.883020206784,1067.3781839080903,0.3011983628216017,0.00016828454455652654,2.97450419096411e-06,444074.60985912883,564,29.06626263219181,29.06626263219181,32,46.362551442712174,10372.636338919856
residual,residual_w100_physics_s9,physics,9,100,4,True,test,C,1-5GeV,3.110723069426058,466.2936456605165,3.9196607986013987,0.06333790914492266,1.295321690131486e-05,7.620178816924418e-10,20.65045648123487,1625,1.9820198815523327e-06,2.8307738375588087e-06,18,6.750537906441423e-06,0.20163025035344614
residual,residual_w100_physics_s9,physics,9,100,4,True,test,C,5-20GeV,1.266495807308754,280.5406011151514,1.2219900016301466,0.01160782653047282,1.4457127016357884e-06,1.660216469118117e-09,4.010366603324655,857,1.9820198815523327e-06,6.594778056978612e-07,10,1.7530226159578888e-06,0.14228742605375028
residual,residual_w100_physics_s9,physics,9,100,4,True,test,C,20-200GeV,1.1045941984442198,118.63578713813183,1.0941396595125497,0.0079432796565998,9.233216244122078e-05,5.5678424788765055e-09,0.7430259263347949,311,1.9820198815523327e-06,1.1178560299640594e-06,4,4.790932095488643e-07,0.009702852425164103
residual,residual_w100_physics_s9,physics,9,100,4,True,test,C,all,1.7147535459116625,340.5372935035189,1.869438892498465,0.03458753073927456,1.826110124209029e-05,1.0445571808236008e-09,6.63368461363234,2793,1.9820198815523327e-06,1.9820198815523327e-06,32,5.807194725093723e-07,3.303541561407996
residual,residual_w50_data_s0,data,0,50,4,True,val,A,1-5GeV,0.2503645848252467,50506.446709159165,0.23363451023283854,0.002230925903040637,0.002368819552404884,1.1899327355276543e-08,25.804742523524773,350,0.0007444257531519227,0.002909424121233517,19,0.0028088209010346255,7173.877347743397
residual,residual_w50_data_s0,data,0,50,4,True,val,A,5-20GeV,0.06051552153307771,3475.487655298401,0.07335467686692132,0.00041881812394301693,1.4109382723381629e-05,2.223251688953258e-09,11.007220319043443,184,0.0007444257531519227,0.020400536357767507,9,0.0005096686157557428,2306.1250752016567
residual,residual_w50_data_s0,data,0,50,4,True,val,A,20-200GeV,0.06298976220420194,1440.916232582769,0.06891373321812888,0.0003636813374488859,9.496610544728155e-05,3.233108301720053e-09,15.481654977695825,98,0.0007444257531519227,0.0004550318470283865,4,0.0009147414785637409,436.5695393626081
residual,residual_w50_data_s0,data,0,50,4,True,val,A,all,0.12068038517920598,21996.731181241892,0.11868067851816821,0.0009886370175467285,0.0013306798229377299,4.9781491787658795e-09,15.482794052115722,632,0.0007444257531519227,0.0007444257531519227,32,0.0012975941081627695,10095.745280850735
residual,residual_w50_data_s0,data,0,50,4,True,val,B,1-5GeV,5205.656575477569,60634.324108169705,5648.077581374309,2.9531617852719405,0.00033833734787290954,1.4413696777975592e-05,1181464.7237645744,219,29.06626263219181,194.32988753253255,14,239.1203764747729,31863.319386796837
residual,residual_w50_data_s0,data,0,50,4,True,val,B,5-20GeV,714.5664549389039,7191.9529702899135,795.604152756022,0.3192515852861628,0.00089244322847152,2.3273832475573636e-06,360379.6349347898,268,29.06626263219181,18.868742882830247,13,23.771840872143457,312.6197581884921
residual,residual_w50_data_s0,data,0,50,4,True,val,B,20-200GeV,326.06906228467733,2699.543929697844,362.55965327739403,0.17374869547304247,0.0003967003349744869,2.896633829476807e-06,104397.23230693299,94,29.06626263219181,8.451150669401386,5,6.659794481365111,77.86268877226932
residual,residual_w50_data_s0,data,0,50,4,True,val,B,all,1197.662067173269,35565.73807123095,1473.0359199477903,0.585487601942436,0.0006033743475079797,5.459207966608272e-06,468725.43876780034,581,29.06626263219181,29.06626263219181,32,46.362551442712174,10372.636338919856
residual,residual_w50_data_s0,data,0,50,4,True,val,C,1-5GeV,0.09212476933839753,86.924080154688,0.09169038014189557,0.0025876510495112526,2.149631992660384e-06,2.8992462841747023e-13,24.01565099967229,1541,1.9820198815523327e-06,2.8307738375588087e-06,18,6.750537906441423e-06,0.20163025035344614
residual,residual_w50_data_s0,data,0,50,4,True,val,C,5-20GeV,0.01072759769726872,11.151516805536943,0.010518058621400428,0.00022184028003902762,1.0277482720013291e-06,5.4901166903001306e-14,3.982292308535307,901,1.9820198815523327e-06,6.594778056978612e-07,10,1.7530226159578888e-06,0.14228742605375028
residual,residual_w50_data_s0,data,0,50,4,True,val,C,20-200GeV,0.005424271909859613,1.8952494315543462,0.005274027604862397,6.10767835898876e-05,5.327354762994245e-07,1.2219178286618513e-13,0.6156453043622001,314,1.9820198815523327e-06,1.1178560299640594e-06,4,4.790932095488643e-07,0.009702852425164103
residual,residual_w50_data_s0,data,0,50,4,True,val,C,all,0.01973454313053402,43.27533254533478,0.01949074593454725,0.0005279316383291488,1.5986440614371803e-06,1.451243911468668e-13,6.048405576626337,2756,1.9820198815523327e-06,1.9820198815523327e-06,32,5.807194725093723e-07,3.303541561407996
residual,residual_w50_data_s0,data,0,50,4,True,test,A,1-5GeV,0.33931755119087637,75998.54483986902,0.3237001790071803,0.0024919956032477125,0.001411199796251175,1.0459874185708898e-08,31.11023947234115,324,0.0007444257531519227,0.002909424121233517,19,0.0028088209010346255,7173.877347743397
residual,residual_w50_data_s0,data,0,50,4,True,test,A,5-20GeV,0.059618310608966496,6027.374004962383,0.06152260068992277,0.0003821785315321659,6.616407264173739e-05,2.159615760599593e-09,9.80516663159503,191,0.0007444257531519227,0.020400536357767507,9,0.0005096686157557428,2306.1250752016567
residual,residual_w50_data_s0,data,0,50,4,True,test,A,20-200GeV,0.04956199114847237,898.9695195033454,0.05094516381065617,0.00019114452695038336,2.1187908159142823e-05,1.8403030465031435e-09,5.945399012586616,89,0.0007444257531519227,0.0004550318470283865,4,0.0009147414785637409,436.5695393626081
residual,residual_w50_data_s0,data,0,50,4,True,test,A,all,0.0870658720800721,21335.07180618348,0.0853941858218743,0.0007354734596061278,0.0007810460193478746,3.0442908158998365e-09,10.945522383782214,604,0.0007444257531519227,0.0007444257531519227,32,0.0012975941081627695,10095.745280850735
residual,residual_w50_data_s0,data,0,50,4,True,test,B,1-5GeV,4427.936723760126,61431.07175315981,5016.038316446497,2.523533025506397,0.00028336777861994524,9.850146149342412e-06,1197127.786821343,191,29.06626263219181,194.32988753253255,14,239.1203764747729,31863.319386796837
residual,residual_w50_data_s0,data,0,50,4,True,test,B,5-20GeV,715.1479625894694,5937.352968242607,849.3979147194466,0.34870637741269905,2.5848082584035592e-05,2.1307856556637843e-06,355193.23732396663,278,29.06626263219181,18.868742882830247,13,23.771840872143457,312.6197581884921
residual,residual_w50_data_s0,data,0,50,4,True,test,B,20-200GeV,263.0011727629551,900.7552381422666,319.49223148795625,0.12320274618625363,0.0010802300446890165,1.983245381281092e-06,104910.80409850382,95,29.06626263219181,8.451150669401386,5,6.659794481365111,77.86268877226932
residual,residual_w50_data_s0,data,0,50,4,True,test,B,all,1160.4093455896702,25875.939135995064,1247.1298225355908,0.4596386465386751,0.0002906575654613971,4.076407996722298e-06,444074.60985912883,564,29.06626263219181,29.06626263219181,32,46.362551442712174,10372.636338919856
residual,residual_w50_data_s0,data,0,50,4,True,test,C,1-5GeV,0.0909974964997673,87.6239128017914,0.09017622743101583,0.002787400213297153,2.5750278562885318e-06,3.518039315720153e-13,20.65045648123487,1625,1.9820198815523327e-06,2.8307738375588087e-06,18,6.750537906441423e-06,0.20163025035344614
residual,residual_w50_data_s0,data,0,50,4,True,test,C,5-20GeV,0.009450899398188994,7.529280695792187,0.00908706484636923,0.00019541700336384027,1.866242852935698e-06,4.451127067989989e-14,4.010366603324655,857,1.9820198815523327e-06,6.594778056978612e-07,10,1.7530226159578888e-06,0.14228742605375028
residual,residual_w50_data_s0,data,0,50,4,True,test,C,20-200GeV,0.006393248590308431,2.794713716525621,0.006110982802898235,6.274507006673313e-05,2.057823879442937e-05,1.11004324711637e-13,0.7430259263347949,311,1.9820198815523327e-06,1.1178560299640594e-06,4,4.790932095488643e-07,0.009702852425164103
residual,residual_w50_data_s0,data,0,50,4,True,test,C,all,0.02056609119982511,46.38140399563357,0.019921274748924134,0.0005831238737950828,4.362199304154061e-06,1.533417925826487e-13,6.63368461363234,2793,1.9820198815523327e-06,1.9820198815523327e-06,32,5.807194725093723e-07,3.303541561407996
residual,residual_w50_data_s1,data,1,50,4,True,val,A,1-5GeV,0.1623992223652726,52315.090864450336,0.1615396851384343,0.001845959684257728,0.0055863623008240776,4.859792259762163e-09,25.804742523524773,350,0.0007444257531519227,0.002909424121233517,19,0.0028088209010346255,7173.877347743397
residual,residual_w50_data_s1,data,1,50,4,True,val,A,5-20GeV,0.03490561645047574,3597.0125973871604,0.036641272638249234,0.00024484822868861555,7.177122062307222e-06,5.869200315073305e-10,11.007220319043443,184,0.0007444257531519227,0.020400536357767507,9,0.0005096686157557428,2306.1250752016567
residual,residual_w50_data_s1,data,1,50,4,True,val,A,20-200GeV,0.06405526876868128,710.426322091935,0.06448519824964194,0.0001682591284483427,1.7680402391606618e-05,3.1161643790946684e-09,15.481654977695825,98,0.0007444257531519227,0.0004550318470283865,4,0.0009147414785637409,436.5695393626081
residual,residual_w50_data_s1,data,1,50,4,True,val,A,all,0.07603727051641584,14257.250436763165,0.07876383437163681,0.0007190220209707041,0.003098544422756754,1.9144652721254817e-09,15.482794052115722,632,0.0007444257531519227,0.0007444257531519227,32,0.0012975941081627695,10095.745280850735
residual,residual_w50_data_s1,data,1,50,4,True,val,B,1-5GeV,4461.045223748215,47756.27483841377,5317.572602408291,2.361194637822514,0.0004870347626139741,1.0389826921428908e-05,1181464.7237645744,219,29.06626263219181,194.32988753253255,14,239.1203764747729,31863.319386796837
residual,residual_w50_data_s1,data,1,50,4,True,val,B,5-20GeV,707.5122904154014,8581.23121294448,716.7832178525231,0.35335338911039216,0.00023696349268932,1.6594591800605926e-06,360379.6349347898,268,29.06626263219181,18.868742882830247,13,23.771840872143457,312.6197581884921
residual,residual_w50_data_s1,data,1,50,4,True,val,B,20-200GeV,193.5385759624495,2394.2651912419133,318.81631463137694,0.11910693072012099,0.00026668821158611555,1.4061766261003e-06,104397.23230693299,94,29.06626263219181,8.451150669401386,5,6.659794481365111,77.86268877226932
residual,residual_w50_data_s1,data,1,50,4,True,val,B,all,1099.8501165406,23755.260679970434,1248.3044492664098,0.5574556390712249,0.00033603359886797405,3.2676525659622017e-06,468725.43876780034,581,29.06626263219181,29.06626263219181,32,46.362551442712174,10372.636338919856
residual,residual_w50_data_s1,data,1,50,4,True,val,C,1-5GeV,0.06364413400206104,56.892544889507235,0.06170916009295979,0.0018777245888376703,1.072038418654461e-06,1.402913024736944e-13,24.01565099967229,1541,1.9820198815523327e-06,2.8307738375588087e-06,18,6.750537906441423e-06,0.20163025035344614
residual,residual_w50_data_s1,data,1,50,4,True,val,C,5-20GeV,0.008955024782153487,8.742149832642099,0.008806299495844883,0.0001770970770587077,9.613109731068654e-06,2.564892626368698e-14,3.982292308535307,901,1.9820198815523327e-06,6.594778056978612e-07,10,1.7530226159578888e-06,0.14228742605375028
residual,residual_w50_data_s1,data,1,50,4,True,val,C,20-200GeV,0.004815718973816274,1.643132399956385,0.004640776433362248,5.637236737653095e-05,1.4604097946306688e-07,1.0891232805456311e-13,0.6156453043622001,314,1.9820198815523327e-06,1.1178560299640594e-06,4,4.790932095488643e-07,0.009702852425164103
residual,residual_w50_data_s1,data,1,50,4,True,val,C,all,0.016694252011895117,27.784989170417163,0.01661849798395565,0.0004087964258008513,3.7588098470213284e-06,8.420945236142355e-14,6.048405576626337,2756,1.9820198815523327e-06,1.9820198815523327e-06,32,5.807194725093723e-07,3.303541561407996
residual,residual_w50_data_s1,data,1,50,4,True,test,A,1-5GeV,0.22540768574857983,64046.719981576396,0.2337093314661448,0.0019068823408452222,0.002869159529727308,8.523350936764417e-09,31.11023947234115,324,0.0007444257531519227,0.002909424121233517,19,0.0028088209010346255,7173.877347743397
residual,residual_w50_data_s1,data,1,50,4,True,test,A,5-20GeV,0.03335167447482412,5038.994475170455,0.03926118474709139,0.0001962578153325012,2.10838869430118e-05,7.948955915823074e-10,9.80516663159503,191,0.0007444257531519227,0.020400536357767507,9,0.0005096686157557428,2306.1250752016567
residual,residual_w50_data_s1,data,1,50,4,True,test,A,20-200GeV,0.033949490571449914,716.4147675327974,0.039163435500810806,0.00012447435635519477,8.359800217197514e-06,9.748281095351314e-10,5.945399012586616,89,0.0007444257531519227,0.0004550318470283865,4,0.0009147414785637409,436.5695393626081
residual,residual_w50_data_s1,data,1,50,4,True,test,A,all,0.04874038235402889,20061.78180881546,0.053403002696350566,0.0005275891574209324,0.001546984656054791,1.4525056976529814e-09,10.945522383782214,604,0.0007444257531519227,0.0007444257531519227,32,0.0012975941081627695,10095.745280850735
residual,residual_w50_data_s1,data,1,50,4,True,test,B,1-5GeV,4214.446798605351,54557.05325756366,4305.1297858492035,2.3857034896010987,0.00015462443417101627,8.364183653188672e-06,1197127.786821343,191,29.06626263219181,194.32988753253255,14,239.1203764747729,31863.319386796837
residual,residual_w50_data_s1,data,1,50,4,True,test,B,5-20GeV,651.5973434816118,4569.671321495108,697.2950489039818,0.31750798309974904,1.8017529828953613e-05,1.46254358770522e-06,355193.23732396663,278,29.06626263219181,18.868742882830247,13,23.771840872143457,312.6197581884921
residual,residual_w50_data_s1,data,1,50,4,True,test,B,20-200GeV,158.68047229923832,725.5021003088029,207.48780100421982,0.07494721727423562,9.364718254006024e-05,1.4664637749813096e-06,104910.80409850382,95,29.06626263219181,8.451150669401386,5,6.659794481365111,77.86268877226932
residual,residual_w50_data_s1,data,1,50,4,True,test,B,all,931.8762922552537,19462.748789613514,1022.6403692265507,0.41469614799734267,7.701883432698392e-05,2.334028660324094e-06,444074.60985912883,564,29.06626263219181,29.06626263219181,32,46.362551442712174,10372.636338919856
residual,residual_w50_data_s1,data,1,50,4,True,test,C,1-5GeV,0.05882230109932607,66.21285105029516,0.05900407134795671,0.0018032278464516494,2.9794542562407756e-06,1.6199061068616243e-13,20.65045648123487,1625,1.9820198815523327e-06,2.8307738375588087e-06,18,6.750537906441423e-06,0.20163025035344614
residual,residual_w50_data_s1,data,1,50,4,True,test,C,5-20GeV,0.00774741106113197,6.940707260859733,0.007692454573771101,0.00017045416748906472,8.380495456685346e-07,2.2034422654886488e-14,4.010366603324655,857,1.9820198815523327e-06,6.594778056978612e-07,10,1.7530226159578888e-06,0.14228742605375028
residual,residual_w50_data_s1,data,1,50,4,True,test,C,20-200GeV,0.005348056167253645,4.3003640425798295,0.005365393342060543,7.77272002837337e-05,3.685069241725487e-06,1.1144690948633136e-13,0.7430259263347949,311,1.9820198815523327e-06,1.1178560299640594e-06,4,4.790932095488643e-07,0.009702852425164103
residual,residual_w50_data_s1,data,1,50,4,True,test,C,all,0.01830480687203817,33.16812324152923,0.01801843625237609,0.00045598631234766707,2.4009588833533195e-06,8.847509137226747e-14,6.63368461363234,2793,1.9820198815523327e-06,1.9820198815523327e-06,32,5.807194725093723e-07,3.303541561407996
residual,residual_w50_data_s2,data,2,50,4,True,val,A,1-5GeV,0.1989431516033341,53237.16523229052,0.20983033277088836,0.0024894943244579363,0.004570183419860083,9.916266215327066e-09,25.804742523524773,350,0.0007444257531519227,0.002909424121233517,19,0.0028088209010346255,7173.877347743397
residual,residual_w50_data_s2,data,2,50,4,True,val,A,5-20GeV,0.04442397721049485,3108.449086914297,0.045707425828656056,0.0003772068257433536,1.0605831974639188e-05,1.120129659310959e-09,11.007220319043443,184,0.0007444257531519227,0.020400536357767507,9,0.0005096686157557428,2306.1250752016567
residual,residual_w50_data_s2,data,2,50,4,True,val,A,20-200GeV,0.03871219151097005,1090.1311980339694,0.04101862604236062,0.00014043344936541177,2.8864274698368436e-05,1.3305874531013653e-09,15.481654977695825,98,0.0007444257531519227,0.0004550318470283865,4,0.0009147414785637409,436.5695393626081
residual,residual_w50_data_s2,data,2,50,4,True,val,A,all,0.08995920850840555,25111.193114756683,0.08835649343802432,0.0008411786243077424,0.0025385195711310174,3.043178220354858e-09,15.482794052115722,632,0.0007444257531519227,0.0007444257531519227,32,0.0012975941081627695,10095.745280850735
residual,residual_w50_data_s2,data,2,50,4,True,val,B,1-5GeV,3908.8050325767654,67697.66704227832,4196.290244174861,2.0442114500973663,0.00224811580519635,7.96741599755678e-06,1181464.7237645744,219,29.06626263219181,194.32988753253255,14,239.1203764747729,31863.319386796837
residual,residual_w50_data_s2,data,2,50,4,True,val,B,5-20GeV,503.1141611406511,6956.812267857616,604.4536271666203,0.273068051388034,0.00013107590053608814,1.0723699227020728e-06,360379.6349347898,268,29.06626263219181,18.868742882830247,13,23.771840872143457,312.6197581884921
residual,residual_w50_data_s2,data,2,50,4,True,val,B,20-200GeV,315.315362334168,1874.3039912089373,348.15394906097197,0.12201715214809825,0.002161078632274987,2.933126615162374e-06,104397.23230693299,94,29.06626263219181,8.451150669401386,5,6.659794481365111,77.86268877226932
residual,residual_w50_data_s2,data,2,50,4,True,val,B,all,911.7801516856616,30615.142754988938,1031.8074117002425,0.46071924215593596,0.001257499301403651,2.855818729567528e-06,468725.43876780034,581,29.06626263219181,29.06626263219181,32,46.362551442712174,10372.636338919856
residual,residual_w50_data_s2,data,2,50,4,True,val,C,1-5GeV,0.06571716346570611,66.98849388669714,0.06562775593010883,0.002084623213438608,1.7751890104459854e-06,2.007464347940062e-13,24.01565099967229,1541,1.9820198815523327e-06,2.8307738375588087e-06,18,6.750537906441423e-06,0.20163025035344614
residual,residual_w50_data_s2,data,2,50,4,True,val,C,5-20GeV,0.007974436186941603,8.385379066034204,0.008043899526910536,0.00019378213868791183,2.7966212202020613e-06,4.655117661704016e-14,3.982292308535307,901,1.9820198815523327e-06,6.594778056978612e-07,10,1.7530226159578888e-06,0.14228742605375028
residual,residual_w50_data_s2,data,2,50,4,True,val,C,20-200GeV,0.005960082633205133,2.301700963766227,0.005721656701762612,5.755895444710217e-05,2.9931321949351223e-07,9.919291120145048e-14,0.6156453043622001,314,1.9820198815523327e-06,1.1178560299640594e-06,4,4.790932095488643e-07,0.009702852425164103
residual,residual_w50_data_s2,data,2,50,4,True,val,C,all,0.01843506776566528,34.3990509130947,0.017983120840003863,0.0005113105519954919,1.9409674656822513e-06,1.0710496189165478e-13,6.048405576626337,2756,1.9820198815523327e-06,1.9820198815523327e-06,32,5.807194725093723e-07,3.303541561407996
residual,residual_w50_data_s2,data,2,50,4,True,test,A,1-5GeV,0.2454027801628289,76792.26536360114,0.2384226088363306,0.003364962599006205,0.0036584569748520914,1.5176176382797958e-08,31.11023947234115,324,0.0007444257531519227,0.002909424121233517,19,0.0028088209010346255,7173.877347743397
residual,residual_w50_data_s2,data,2,50,4,True,test,A,5-20GeV,0.044773041672385716,5104.181765099042,0.04719611266967849,0.000393892259460335,3.148522093513001e-05,1.4038625322504005e-09,9.80516663159503,191,0.0007444257531519227,0.020400536357767507,9,0.0005096686157557428,2306.1250752016567
residual,residual_w50_data_s2,data,2,50,4,True,test,A,20-200GeV,0.02924005955118325,444.3906925592538,0.030748470597918853,0.00010302030791560935,4.273677132242529e-06,7.104784385145599e-10,5.945399012586616,89,0.0007444257531519227,0.0004550318470283865,4,0.0009147414785637409,436.5695393626081
residual,residual_w50_data_s2,data,2,50,4,True,test,A,all,0.07078860739123671,20217.71786433927,0.07750725326605146,0.000672408880811326,0.0019730696925752606,2.2734374231338714e-09,10.945522383782214,604,0.0007444257531519227,0.0007444257531519227,32,0.0012975941081627695,10095.745280850735
residual,residual_w50_data_s2,data,2,50,4,True,test,B,1-5GeV,3251.690340944563,55197.234150657096,4097.346414635467,1.9509848565223489,0.00022234458515401278,5.453004243865537e-06,1197127.786821343,191,29.06626263219181,194.32988753253255,14,239.1203764747729,31863.319386796837
residual,residual_w50_data_s2,data,2,50,4,True,test,B,5-20GeV,482.0801117228797,5437.57519276341,563.3517827227479,0.26988329532272404,1.6033587118561763e-05,9.504656398011496e-07,355193.23732396663,278,29.06626263219181,18.868742882830247,13,23.771840872143457,312.6197581884921
residual,residual_w50_data_s2,data,2,50,4,True,test,B,20-200GeV,250.61834680899153,1190.943866565038,248.5244676230991,0.09567857218411094,0.00030549397135038353,2.2292519160511668e-06,104910.80409850382,95,29.06626263219181,8.451150669401386,5,6.659794481365111,77.86268877226932
residual,residual_w50_data_s2,data,2,50,4,True,test,B,all,760.8767652271808,21020.537114234652,940.5125749181167,0.40566892426126266,0.00013465794372635292,2.30398325654539e-06,444074.60985912883,564,29.06626263219181,29.06626263219181,32,46.362551442712174,10372.636338919856
residual,residual_w50_data_s2,data,2,50,4,True,test,C,1-5GeV,0.06778280322805585,81.17291890984565,0.06589218385499862,0.0022815926838393175,2.47369579787134e-05,2.465345843564747e-13,20.65045648123487,1625,1.9820198815523327e-06,2.8307738375588087e-06,18,6.750537906441423e-06,0.20163025035344614
residual,residual_w50_data_s2,data,2,50,4,True,test,C,5-20GeV,0.007299128855997594,7.0696851919222805,0.007413745350959289,0.0001949916621467318,3.103241099648296e-07,3.471518850062876e-14,4.010366603324655,857,1.9820198815523327e-06,6.594778056978612e-07,10,1.7530226159578888e-06,0.14228742605375028
residual,residual_w50_data_s2,data,2,50,4,True,test,C,20-200GeV,0.0059322681202900185,2.8880330138250088,0.005751514038365713,8.550138021288373e-05,1.9347999788223523e-05,1.089979191060214e-13,0.7430259263347949,311,1.9820198815523327e-06,1.1178560299640594e-06,4,4.790932095488643e-07,0.009702852425164103
residual,residual_w50_data_s2,data,2,50,4,True,test,C,all,0.020570222432070295,37.779327208321824,0.01973072056671299,0.0005247507872778445,1.6641866241241185e-05,1.1557363356785273e-13,6.63368461363234,2793,1.9820198815523327e-06,1.9820198815523327e-06,32,5.807194725093723e-07,3.303541561407996
residual,residual_w50_physics_s0,physics,0,50,4,True,val,A,1-5GeV,15.81299917712109,49816.7348325564,15.20714640704196,0.1057182063336666,0.008631531639032557,5.264302060774024e-06,25.804742523524773,350,0.0007444257531519227,0.002909424121233517,19,0.0028088209010346255,7173.877347743397
residual,residual_w50_physics_s0,physics,0,50,4,True,val,A,5-20GeV,4.046062785716009,5891.122393009782,3.9444418630152356,0.046789351957050515,0.00012647978735994724,1.7865307819551812e-06,11.007220319043443,184,0.0007444257531519227,0.020400536357767507,9,0.0005096686157557428,2306.1250752016567
residual,residual_w50_physics_s0,physics,0,50,4,True,val,A,20-200GeV,2.7383267134958866,2789.2197475285016,2.886673016204322,0.033538828080693917,0.0006965334860927476,5.244431705604017e-06,15.481654977695825,98,0.0007444257531519227,0.0004550318470283865,4,0.0009147414785637409,436.5695393626081
residual,residual_w50_physics_s0,physics,0,50,4,True,val,A,all,5.048500898771402,16938.401412247633,5.0888285099846,0.06831082272597483,0.004924950373691004,3.7979683734200464e-06,15.482794052115722,632,0.0007444257531519227,0.0007444257531519227,32,0.0012975941081627695,10095.745280850735
residual,residual_w50_physics_s0,physics,0,50,4,True,val,B,1-5GeV,3054.6866397314716,60043.06534938263,3144.798861263169,1.2966550611035466,0.00037817841372422796,3.821832966874454e-06,1181464.7237645744,219,29.06626263219181,194.32988753253255,14,239.1203764747729,31863.319386796837
residual,residual_w50_physics_s0,physics,0,50,4,True,val,B,5-20GeV,790.4915936888415,12216.225175822947,924.4330441044326,0.23761704962472346,0.0003640175741782369,2.4355542785226163e-06,360379.6349347898,268,29.06626263219181,18.868742882830247,13,23.771840872143457,312.6197581884921
residual,residual_w50_physics_s0,physics,0,50,4,True,val,B,20-200GeV,749.4592312000564,5471.492542753657,984.4079816276547,0.21342834047667797,0.0009203784482453397,1.9195755726628115e-05,104397.23230693299,94,29.06626263219181,8.451150669401386,5,6.659794481365111,77.86268877226932
residual,residual_w50_physics_s0,physics,0,50,4,True,val,B,all,1038.2817770444035,38250.94670852547,1238.252237121742,0.3248955259288928,0.00045936894426925197,4.195921284259263e-06,468725.43876780034,581,29.06626263219181,29.06626263219181,32,46.362551442712174,10372.636338919856
residual,residual_w50_physics_s0,physics,0,50,4,True,val,C,1-5GeV,1.6582216233018698,291.89784652427875,2.0329611348870458,0.06155645900877277,1.4420317330062438e-06,1.6827021825703476e-10,24.01565099967229,1541,1.9820198815523327e-06,2.8307738375588087e-06,18,6.750537906441423e-06,0.20163025035344614
residual,residual_w50_physics_s0,physics,0,50,4,True,val,C,5-20GeV,0.7407255275273528,124.97454483431625,0.7523030194027669,0.017240722009828624,7.851342456107842e-06,6.224413153941225e-10,3.982292308535307,901,1.9820198815523327e-06,6.594778056978612e-07,10,1.7530226159578888e-06,0.14228742605375028
residual,residual_w50_physics_s0,physics,0,50,4,True,val,C,20-200GeV,1.0422719826830296,80.0858585067771,1.0069575514968232,0.011493025127533307,1.4580644715302115e-05,5.63330366659027e-09,0.6156453043622001,314,1.9820198815523327e-06,1.1178560299640594e-06,4,4.790932095488643e-07,0.009702852425164103
residual,residual_w50_physics_s0,physics,0,50,4,True,val,C,all,1.0583740702783118,231.07241455256755,1.185171232691573,0.03918699495651483,5.034308016734635e-06,3.022155201828065e-10,6.048405576626337,2756,1.9820198815523327e-06,1.9820198815523327e-06,32,5.807194725093723e-07,3.303541561407996
residual,residual_w50_physics_s0,physics,0,50,4,True,test,A,1-5GeV,18.670248417210654,64206.92295899022,18.836186969692804,0.12144874299630459,0.007303753533610352,6.5345806532606135e-06,31.11023947234115,324,0.0007444257531519227,0.002909424121233517,19,0.0028088209010346255,7173.877347743397
residual,residual_w50_physics_s0,physics,0,50,4,True,test,A,5-20GeV,4.140487180178454,5067.718180340478,4.023221891101825,0.04902511656276667,0.0001303183308939053,2.2768814081439266e-06,9.80516663159503,191,0.0007444257531519227,0.020400536357767507,9,0.0005096686157557428,2306.1250752016567
residual,residual_w50_physics_s0,physics,0,50,4,True,test,A,20-200GeV,1.2363492491904715,2880.652648675978,1.3974081450420783,0.019857771268454345,0.00013989382777999232,1.114878555973983e-06,5.945399012586616,89,0.0007444257531519227,0.0004550318470283865,4,0.0009147414785637409,436.5695393626081
residual,residual_w50_physics_s0,physics,0,50,4,True,test,A,all,4.114806181449104,19837.136957713756,4.055426003577778,0.05849464541070039,0.003979730954905478,2.626440446769887e-06,10.945522383782214,604,0.0007444257531519227,0.0007444257531519227,32,0.0012975941081627695,10095.745280850735
residual,residual_w50_physics_s0,physics,0,50,4,True,test,B,1-5GeV,2685.5548997230017,51462.94802801049,2975.6647804391037,0.8874363667941143,0.001138229429353522,3.919650199873617e-06,1197127.786821343,191,29.06626263219181,194.32988753253255,14,239.1203764747729,31863.319386796837
residual,residual_w50_physics_s0,physics,0,50,4,True,test,B,5-20GeV,839.8975697450624,9495.889628842615,1022.3467308325916,0.2418120319087544,5.1368517223806285e-05,3.203146450697693e-06,355193.23732396663,278,29.06626263219181,18.868742882830247,13,23.771840872143457,312.6197581884921
residual,residual_w50_physics_s0,physics,0,50,4,True,test,B,20-200GeV,503.78933507150236,4406.427098387481,654.966816782835,0.15058034829022043,0.0009613417194503146,8.09630079760115e-06,104910.80409850382,95,29.06626263219181,8.451150669401386,5,6.659794481365111,77.86268877226932
residual,residual_w50_physics_s0,physics,0,50,4,True,test,B,all,1040.5974917057392,20744.375648613583,1170.9995376811903,0.28762304167805064,0.0005727122910328382,3.959621261685365e-06,444074.60985912883,564,29.06626263219181,29.06626263219181,32,46.362551442712174,10372.636338919856
residual,residual_w50_physics_s0,physics,0,50,4,True,test,C,1-5GeV,1.648778844980825,304.7772819960294,1.9885554902252522,0.06592171937971902,5.0560579653566666e-06,1.8965021734884344e-10,20.65045648123487,1625,1.9820198815523327e-06,2.8307738375588087e-06,18,6.750537906441423e-06,0.20163025035344614
residual,residual_w50_physics_s0,physics,0,50,4,True,test,C,5-20GeV,0.7868969790933988,121.81866665787281,0.7811069449985553,0.01663265228751907,1.2782759454501362e-06,6.952529978960706e-10,4.010366603324655,857,1.9820198815523327e-06,6.594778056978612e-07,10,1.7530226159578888e-06,0.14228742605375028
residual,residual_w50_physics_s0,physics,0,50,4,True,test,C,20-200GeV,1.025248825317071,157.27587125792297,0.9880775795325647,0.013904324860466999,0.00011083194877461283,4.330829676000872e-09,0.7430259263347949,311,1.9820198815523327e-06,1.1178560299640594e-06,4,4.790932095488643e-07,0.009702852425164103
residual,residual_w50_physics_s0,physics,0,50,4,True,test,C,all,1.125464061615844,212.50469658782603,1.2465635318790191,0.04206719709144019,1.5675013515166466e-05,3.3662678310755454e-10,6.63368461363234,2793,1.9820198815523327e-06,1.9820198815523327e-06,32,5.807194725093723e-07,3.303541561407996
residual,residual_w50_physics_s1,physics,1,50,4,True,val,A,1-5GeV,2.580484751055101,62511.39598435206,2.7971261820911586,0.11521721400177543,0.0048635716512051685,5.484705988701908e-07,25.804742523524773,350,0.0007444257531519227,0.002909424121233517,19,0.0028088209010346255,7173.877347743397
residual,residual_w50_physics_s1,physics,1,50,4,True,val,A,5-20GeV,1.7877392424819893,5109.089981839718,1.7766925882121143,0.0830141496318982,0.0002478241313233475,5.228999386176737e-07,11.007220319043443,184,0.0007444257531519227,0.020400536357767507,9,0.0005096686157557428,2306.1250752016567
residual,residual_w50_physics_s1,physics,1,50,4,True,val,A,20-200GeV,8.612887114505586,3113.051519302747,8.662153460034627,0.09942447217307068,0.0003331801717721052,8.87574072331421e-06,15.481654977695825,98,0.0007444257531519227,0.0004550318470283865,4,0.0009147414785637409,436.5695393626081
residual,residual_w50_physics_s1,physics,1,50,4,True,val,A,all,3.2221613903141155,20293.26382042085,4.132167514635743,0.09829592789961823,0.002817249010947739,1.2350552365708435e-06,15.482794052115722,632,0.0007444257531519227,0.0007444257531519227,32,0.0012975941081627695,10095.745280850735
residual,residual_w50_physics_s1,physics,1,50,4,True,val,B,1-5GeV,3084.3313073364698,80042.01300630457,3451.7076750157116,1.6689332028709813,0.0004349054067463321,5.608593460057747e-06,1181464.7237645744,219,29.06626263219181,194.32988753253255,14,239.1203764747729,31863.319386796837
residual,residual_w50_physics_s1,physics,1,50,4,True,val,B,5-20GeV,606.7990988834922,12860.526162531767,735.3055181258128,0.2538357624077489,0.0003544675560757734,2.21976384452436e-06,360379.6349347898,268,29.06626263219181,18.868742882830247,13,23.771840872143457,312.6197581884921
residual,residual_w50_physics_s1,physics,1,50,4,True,val,B,20-200GeV,804.7440828116237,4702.581147941812,1198.6830479754467,0.24925769611759163,0.006811244131815144,1.7999410710868193e-05,104397.23230693299,94,29.06626263219181,8.451150669401386,5,6.659794481365111,77.86268877226932
residual,residual_w50_physics_s1,physics,1,50,4,True,val,B,all,1180.0681908155752,36105.33869242772,1290.280222956458,0.3811011804505382,0.0014294294965514246,4.1673348231794995e-06,468725.43876780034,581,29.06626263219181,29.06626263219181,32,46.362551442712174,10372.636338919856
residual,residual_w50_physics_s1,physics,1,50,4,True,val,C,1-5GeV,2.075932565162475,330.6807569899419,2.528695196872377,0.06818247778751785,2.0609741019734804e-06,4.596431254686369e-10,24.01565099967229,1541,1.9820198815523327e-06,2.8307738375588087e-06,18,6.750537906441423e-06,0.20163025035344614
residual,residual_w50_physics_s1,physics,1,50,4,True,val,C,5-20GeV,0.9990601742799754,156.82754440223334,0.9904730282501717,0.02028102071623822,2.252576174641835e-05,9.548207868518693e-10,3.982292308535307,901,1.9820198815523327e-06,6.594778056978612e-07,10,1.7530226159578888e-06,0.14228742605375028
residual,residual_w50_physics_s1,physics,1,50,4,True,val,C,20-200GeV,1.3011193622936013,88.00759130649138,1.261521849695857,0.00821239028055143,2.2710138566551565e-05,1.7299424672157633e-08,0.6156453043622001,314,1.9820198815523327e-06,1.1178560299640594e-06,4,4.790932095488643e-07,0.009702852425164103
residual,residual_w50_physics_s1,physics,1,50,4,True,val,C,all,1.2184247955913108,252.19536711225743,1.3004267082703524,0.04294320790200479,1.1104011587286378e-05,6.752598814358043e-10,6.048405576626337,2756,1.9820198815523327e-06,1.9820198815523327e-06,32,5.807194725093723e-07,3.303541561407996
residual,residual_w50_physics_s1,physics,1,50,4,True,test,A,1-5GeV,3.201421965652429,71267.10506315241,3.273013063802621,0.11825090247575154,0.004263664714771352,6.303758617968868e-07,31.11023947234115,324,0.0007444257531519227,0.002909424121233517,19,0.0028088209010346255,7173.877347743397
residual,residual_w50_physics_s1,physics,1,50,4,True,test,A,5-20GeV,1.7300949233349794,7046.052240613506,1.715875474827211,0.08252121191097174,0.00020469547354665617,6.110260529596953e-07,9.80516663159503,191,0.0007444257531519227,0.020400536357767507,9,0.0005096686157557428,2306.1250752016567
residual,residual_w50_physics_s1,physics,1,50,4,True,test,A,20-200GeV,3.0665519157674903,1756.7333122768885,3.256103900992624,0.04477256825830174,0.00017767782708580585,5.37443203986713e-06,5.945399012586616,89,0.0007444257531519227,0.0004550318470283865,4,0.0009147414785637409,436.5695393626081
residual,residual_w50_physics_s1,physics,1,50,4,True,test,A,all,2.584741716399969,21250.50290955304,2.618025495839116,0.08280910595748636,0.0023780422676224597,1.0586255848140524e-06,10.945522383782214,604,0.0007444257531519227,0.0007444257531519227,32,0.0012975941081627695,10095.745280850735
residual,residual_w50_physics_s1,physics,1,50,4,True,test,B,1-5GeV,3200.411788138581,70142.99291689815,3245.899323052072,1.772174429321982,0.0006660328625047871,4.255288623875113e-06,1197127.786821343,191,29.06626263219181,194.32988753253255,14,239.1203764747729,31863.319386796837
residual,residual_w50_physics_s1,physics,1,50,4,True,test,B,5-20GeV,685.4551076794166,8305.78299144901,825.0390781415149,0.28331396333156067,8.079109795502433e-05,2.53251769549265e-06,355193.23732396663,278,29.06626263219181,18.868742882830247,13,23.771840872143457,312.6197581884921
residual,residual_w50_physics_s1,physics,1,50,4,True,test,B,20-200GeV,714.8872047159216,3859.1436246525577,805.044055668965,0.2727165651551025,0.0006117819252810964,1.527473565347464e-05,104910.80409850382,95,29.06626263219181,8.451150669401386,5,6.659794481365111,77.86268877226932
residual,residual_w50_physics_s1,physics,1,50,4,True,test,B,all,1087.8142447051005,30901.701815176053,1289.011435530938,0.4158554812802202,0.00036842461856669375,4.381351121360761e-06,444074.60985912883,564,29.06626263219181,29.06626263219181,32,46.362551442712174,10372.636338919856
residual,residual_w50_physics_s1,physics,1,50,4,True,test,C,1-5GeV,1.8157322881506843,359.9872809747466,2.3889550882927324,0.07228825810864925,8.953817020489075e-06,5.197550753963911e-10,20.65045648123487,1625,1.9820198815523327e-06,2.8307738375588087e-06,18,6.750537906441423e-06,0.20163025035344614
residual,residual_w50_physics_s1,physics,1,50,4,True,test,C,5-20GeV,1.0114354096799616,156.4197772997999,1.0016343143939288,0.017522673242696685,1.0875201611377804e-06,9.329123427286324e-10,4.010366603324655,857,1.9820198815523327e-06,6.594778056978612e-07,10,1.7530226159578888e-06,0.14228742605375028
residual,residual_w50_physics_s1,physics,1,50,4,True,test,C,20-200GeV,1.2980055157147952,153.4835988268206,1.264351012097542,0.010348314817928972,4.167508323311779e-05,1.360974158463988e-08,0.7430259263347949,311,1.9820198815523327e-06,1.1178560299640594e-06,4,4.790932095488643e-07,0.009702852425164103
residual,residual_w50_physics_s1,physics,1,50,4,True,test,C,all,1.1716632823706163,259.70801015759554,1.3142859804133877,0.04392404322905996,1.018364064514481e-05,6.956853041519704e-10,6.63368461363234,2793,1.9820198815523327e-06,1.9820198815523327e-06,32,5.807194725093723e-07,3.303541561407996
residual,residual_w50_physics_s2,physics,2,50,4,True,val,A,1-5GeV,9.298362999140885,52001.45099058933,9.233347657300882,0.13137668068698322,0.008341008677261808,2.8289226177873073e-06,25.804742523524773,350,0.0007444257531519227,0.002909424121233517,19,0.0028088209010346255,7173.877347743397
residual,residual_w50_physics_s2,physics,2,50,4,True,val,A,5-20GeV,4.183479940039092,5245.402568423269,3.992734793743624,0.07669749720854054,0.00024387444704156695,1.7829894346874565e-06,11.007220319043443,184,0.0007444257531519227,0.020400536357767507,9,0.0005096686157557428,2306.1250752016567
residual,residual_w50_physics_s2,physics,2,50,4,True,val,A,20-200GeV,8.562753491070275,3431.031246589841,8.603607429929049,0.03831729518844959,0.00045650864375031776,1.649295015319317e-05,15.481654977695825,98,0.0007444257531519227,0.0004550318470283865,4,0.0009147414785637409,436.5695393626081
residual,residual_w50_physics_s2,physics,2,50,4,True,val,A,all,7.195846222872393,18314.630103693,6.921483482752455,0.08804853741001956,0.004761018643013944,4.264130503141825e-06,15.482794052115722,632,0.0007444257531519227,0.0007444257531519227,32,0.0012975941081627695,10095.745280850735
residual,residual_w50_physics_s2,physics,2,50,4,True,val,B,1-5GeV,3015.6652215367785,82559.28228853454,2944.7148735662267,1.7552952015865986,0.00034781029997217215,3.957640369961671e-06,1181464.7237645744,219,29.06626263219181,194.32988753253255,14,239.1203764747729,31863.319386796837
residual,residual_w50_physics_s2,physics,2,50,4,True,val,B,5-20GeV,709.3626240296462,13666.115639476806,914.3604527914135,0.20712205843437248,0.00017129463383086193,2.6764595735075908e-06,360379.6349347898,268,29.06626263219181,18.868742882830247,13,23.771840872143457,312.6197581884921
residual,residual_w50_physics_s2,physics,2,50,4,True,val,B,20-200GeV,764.0719242373282,5545.6901928006555,1097.8565169794515,0.23289366172679626,0.0016603474547667264,1.594349013503169e-05,104397.23230693299,94,29.06626263219181,8.451150669401386,5,6.659794481365111,77.86268877226932
residual,residual_w50_physics_s2,physics,2,50,4,True,val,B,all,1112.2638478357203,35600.25381918547,1348.4562453589888,0.3518153366766155,0.0004787436803935438,4.520638239476513e-06,468725.43876780034,581,29.06626263219181,29.06626263219181,32,46.362551442712174,10372.636338919856
residual,residual_w50_physics_s2,physics,2,50,4,True,val,C,1-5GeV,2.3250245157910854,388.4419539335795,2.472218578219554,0.06864204939503737,1.3040301021689008e-06,3.206316609031071e-10,24.01565099967229,1541,1.9820198815523327e-06,2.8307738375588087e-06,18,6.750537906441423e-06,0.20163025035344614
residual,residual_w50_physics_s2,physics,2,50,4,True,val,C,5-20GeV,1.112252519689605,162.7131250399998,1.1245933929870944,0.01635349880391157,4.981663904430164e-06,6.733757427883261e-10,3.982292308535307,901,1.9820198815523327e-06,6.594778056978612e-07,10,1.7530226159578888e-06,0.14228742605375028
residual,residual_w50_physics_s2,physics,2,50,4,True,val,C,20-200GeV,0.6755210333708739,68.51983036795802,0.6820512762004682,0.008953570480652213,5.310898863306678e-06,1.8277307651357691e-09,0.6156453043622001,314,1.9820198815523327e-06,1.1178560299640594e-06,4,4.790932095488643e-07,0.009702852425164103
residual,residual_w50_physics_s2,physics,2,50,4,True,val,C,all,1.3754798220091402,252.2733650339273,1.4349625755087914,0.040805960894897166,2.9628489870871374e-06,4.739267852371395e-10,6.048405576626337,2756,1.9820198815523327e-06,1.9820198815523327e-06,32,5.807194725093723e-07,3.303541561407996
residual,residual_w50_physics_s2,physics,2,50,4,True,test,A,1-5GeV,12.311237877238646,78657.22326953949,11.608183567001717,0.13356670126652737,0.005346215883655277,2.7368455902695955e-06,31.11023947234115,324,0.0007444257531519227,0.002909424121233517,19,0.0028088209010346255,7173.877347743397
residual,residual_w50_physics_s2,physics,2,50,4,True,test,A,5-20GeV,3.6177817886937635,4895.097972549649,3.3526285949749823,0.0766717309966837,0.0002320763204006293,2.1439997244475265e-06,9.80516663159503,191,0.0007444257531519227,0.020400536357767507,9,0.0005096686157557428,2306.1250752016567
residual,residual_w50_physics_s2,physics,2,50,4,True,test,A,20-200GeV,4.361560311794355,2010.5953351233436,4.1587577404995635,0.021353742830016245,0.00013020975788983512,7.422626345315848e-06,5.945399012586616,89,0.0007444257531519227,0.0004550318470283865,4,0.0009147414785637409,436.5695393626081
residual,residual_w50_physics_s2,physics,2,50,4,True,test,A,all,5.559383018411634,31096.783232503356,5.27709052180958,0.07193155823977636,0.002960412569458651,3.4213927323393268e-06,10.945522383782214,604,0.0007444257531519227,0.0007444257531519227,32,0.0012975941081627695,10095.745280850735
residual,residual_w50_physics_s2,physics,2,50,4,True,test,B,1-5GeV,2292.5715918922833,96163.29248353292,2572.4629043652385,1.105641952259595,0.00019900600314386483,3.419299036518459e-06,1197127.786821343,191,29.06626263219181,194.32988753253255,14,239.1203764747729,31863.319386796837
residual,residual_w50_physics_s2,physics,2,50,4,True,test,B,5-20GeV,666.3462166062502,6844.614180107086,908.753770742976,0.2337285610645914,9.958826967020982e-05,2.42898167843179e-06,355193.23732396663,278,29.06626263219181,18.868742882830247,13,23.771840872143457,312.6197581884921
residual,residual_w50_physics_s2,physics,2,50,4,True,test,B,20-200GeV,631.1637195242952,3512.4823412419287,942.2049111340272,0.19060551865074468,0.0003651146472785748,1.3447645506203884e-05,104910.80409850382,95,29.06626263219181,8.451150669401386,5,6.659794481365111,77.86268877226932
residual,residual_w50_physics_s2,physics,2,50,4,True,test,B,all,960.302794285326,31336.72723531801,1239.277220120371,0.3354428353974509,0.00017798151961039208,4.23361036828258e-06,444074.60985912883,564,29.06626263219181,29.06626263219181,32,46.362551442712174,10372.636338919856
residual,residual_w50_physics_s2,physics,2,50,4,True,test,C,1-5GeV,2.3297336255154732,441.4053020554089,2.3621468360044418,0.07194640743030112,3.7126515688050223e-06,3.3225535443485365e-10,20.65045648123487,1625,1.9820198815523327e-06,2.8307738375588087e-06,18,6.750537906441423e-06,0.20163025035344614
residual,residual_w50_physics_s2,physics,2,50,4,True,test,C,5-20GeV,1.171821594489586,147.51959411815355,1.225170774747042,0.015810271946025703,1.4254977057050643e-06,6.954863503884001e-10,4.010366603324655,857,1.9820198815523327e-06,6.594778056978612e-07,10,1.7530226159578888e-06,0.14228742605375028
residual,residual_w50_physics_s2,physics,2,50,4,True,test,C,20-200GeV,0.7385638183956544,75.79018967068407,0.7423234503782794,0.009412655585775212,2.434845159935376e-05,1.2943771867133684e-09,0.7430259263347949,311,1.9820198815523327e-06,1.1178560299640594e-06,4,4.790932095488643e-07,0.009702852425164103
residual,residual_w50_physics_s2,physics,2,50,4,True,test,C,all,1.448250136050433,267.27470554113074,1.5352493985574256,0.04025323262818459,5.30865692105135e-06,4.449665765294945e-10,6.63368461363234,2793,1.9820198815523327e-06,1.9820198815523327e-06,32,5.807194725093723e-07,3.303541561407996
residual,residual_w50_physics_s3,physics,3,50,4,True,val,A,1-5GeV,6.58723403379069,58470.56712108106,6.821086251780795,0.11752575109680481,0.008099184208109778,1.476430924750974e-06,25.804742523524773,350,0.0007444257531519227,0.002909424121233517,19,0.0028088209010346255,7173.877347743397
residual,residual_w50_physics_s3,physics,3,50,4,True,val,A,5-20GeV,2.507447837104826,4798.58861202332,2.697458010144649,0.06123163352442923,0.00044588907939778624,1.4598056909688088e-06,11.007220319043443,184,0.0007444257531519227,0.020400536357767507,9,0.0005096686157557428,2306.1250752016567
residual,residual_w50_physics_s3,physics,3,50,4,True,val,A,20-200GeV,3.696183803613917,2809.264208748233,3.6571537850583757,0.04150676193120581,0.000631557471037378,8.66066141322137e-06,15.481654977695825,98,0.0007444257531519227,0.0004550318470283865,4,0.0009147414785637409,436.5695393626081
residual,residual_w50_physics_s3,physics,3,50,4,True,val,A,all,3.686840776183753,18512.33137662529,3.833796048169691,0.08200562923817634,0.004713054898115946,2.4256596252792827e-06,15.482794052115722,632,0.0007444257531519227,0.0007444257531519227,32,0.0012975941081627695,10095.745280850735
residual,residual_w50_physics_s3,physics,3,50,4,True,val,B,1-5GeV,4068.7286818913435,105399.3800360684,4669.20968847603,2.0184194834453884,0.000589803814811352,8.368475278218979e-06,1181464.7237645744,219,29.06626263219181,194.32988753253255,14,239.1203764747729,31863.319386796837
residual,residual_w50_physics_s3,physics,3,50,4,True,val,B,5-20GeV,1122.4294247927276,16864.52818508471,1314.7356820078073,0.28198158186722166,0.00020406713896798057,5.5069920719037356e-06,360379.6349347898,268,29.06626263219181,18.868742882830247,13,23.771840872143457,312.6197581884921
residual,residual_w50_physics_s3,physics,3,50,4,True,val,B,20-200GeV,1509.4860801319285,6963.855706547545,1566.1726059118166,0.24954975474963426,0.0011530114602538667,5.855384805144797e-05,104397.23230693299,94,29.06626263219181,8.451150669401386,5,6.659794481365111,77.86268877226932
residual,residual_w50_physics_s3,physics,3,50,4,True,val,B,all,1647.8155010689761,39393.43854031949,1893.161305365851,0.48872644797044035,0.0005029950188484826,9.384822864193993e-06,468725.43876780034,581,29.06626263219181,29.06626263219181,32,46.362551442712174,10372.636338919856
residual,residual_w50_physics_s3,physics,3,50,4,True,val,C,1-5GeV,1.970022662590054,401.6444572903879,2.620639696431226,0.07338973970838492,1.4388660021798448e-06,4.127882735836628e-10,24.01565099967229,1541,1.9820198815523327e-06,2.8307738375588087e-06,18,6.750537906441423e-06,0.20163025035344614
residual,residual_w50_physics_s3,physics,3,50,4,True,val,C,5-20GeV,0.9075206649313827,169.04088835599396,1.0171432064594033,0.019846478503917492,4.1425306390506335e-06,8.411576871825405e-10,3.982292308535307,901,1.9820198815523327e-06,6.594778056978612e-07,10,1.7530226159578888e-06,0.14228742605375028
residual,residual_w50_physics_s3,physics,3,50,4,True,val,C,20-200GeV,1.0365108124901212,69.86849322055083,1.0151834303195884,0.013553606420417703,1.77390856830374e-05,4.2562181527913345e-09,0.6156453043622001,314,1.9820198815523327e-06,1.1178560299640594e-06,4,4.790932095488643e-07,0.009702852425164103
residual,residual_w50_physics_s3,physics,3,50,4,True,val,C,all,1.1234837526465924,285.8386147814116,1.3651247855648307,0.04232556422869432,4.179893149353231e-06,6.191724582565996e-10,6.048405576626337,2756,1.9820198815523327e-06,1.9820198815523327e-06,32,5.807194725093723e-07,3.303541561407996
residual,residual_w50_physics_s3,physics,3,50,4,True,test,A,1-5GeV,8.164160556938693,76267.99886074905,7.944222908629617,0.12864193138931862,0.008487362051823799,2.4710576453665695e-06,31.11023947234115,324,0.0007444257531519227,0.002909424121233517,19,0.0028088209010346255,7173.877347743397
residual,residual_w50_physics_s3,physics,3,50,4,True,test,A,5-20GeV,1.8851071698149369,4733.757188284471,1.949041601559287,0.056607893190604996,0.0007324024969340532,1.1787223242106596e-06,9.80516663159503,191,0.0007444257531519227,0.020400536357767507,9,0.0005096686157557428,2306.1250752016567
residual,residual_w50_physics_s3,physics,3,50,4,True,test,A,20-200GeV,1.940879689501518,3153.6893175041005,1.9256687009994167,0.027535881091132752,3.151183643108973e-05,2.769083337353678e-06,5.945399012586616,89,0.0007444257531519227,0.0004550318470283865,4,0.0009147414785637409,436.5695393626081
residual,residual_w50_physics_s3,physics,3,50,4,True,test,A,all,2.9496015981207435,24615.161455269998,3.014699739173954,0.0663790962405729,0.004789070753555765,1.9544520853693515e-06,10.945522383782214,604,0.0007444257531519227,0.0007444257531519227,32,0.0012975941081627695,10095.745280850735
residual,residual_w50_physics_s3,physics,3,50,4,True,test,B,1-5GeV,3602.8980372329897,79756.53160271258,3745.3018456926657,1.543568153900443,0.00043697875926776073,7.3142333835250315e-06,1197127.786821343,191,29.06626263219181,194.32988753253255,14,239.1203764747729,31863.319386796837
residual,residual_w50_physics_s3,physics,3,50,4,True,test,B,5-20GeV,1219.994742303328,12721.085484854239,1309.1910484524476,0.28990737026131363,0.00012179194984565032,6.255730204436074e-06,355193.23732396663,278,29.06626263219181,18.868742882830247,13,23.771840872143457,312.6197581884921
residual,residual_w50_physics_s3,physics,3,50,4,True,test,B,20-200GeV,1474.4529464016978,5083.9492042987,1545.8661145011092,0.19849353828679805,0.0008429867434482005,5.309025757719094e-05,104910.80409850382,95,29.06626263219181,8.451150669401386,5,6.659794481365111,77.86268877226932
residual,residual_w50_physics_s3,physics,3,50,4,True,test,B,all,1627.0492914116232,39760.751349354665,1787.0164630068784,0.42562889918137947,0.00035000859167519887,9.217819492592773e-06,444074.60985912883,564,29.06626263219181,29.06626263219181,32,46.362551442712174,10372.636338919856
residual,residual_w50_physics_s3,physics,3,50,4,True,test,C,1-5GeV,1.9628211746294255,446.02682881479996,2.6953681983741262,0.07343166916870536,2.5709187348888724e-06,5.067714136226032e-10,20.65045648123487,1625,1.9820198815523327e-06,2.8307738375588087e-06,18,6.750537906441423e-06,0.20163025035344614
residual,residual_w50_physics_s3,physics,3,50,4,True,test,C,5-20GeV,0.8948796035106454,122.28997906718713,1.0216123810877775,0.018703961726970753,2.9089099184032055e-06,8.313752789514576e-10,4.010366603324655,857,1.9820198815523327e-06,6.594778056978612e-07,10,1.7530226159578888e-06,0.14228742605375028
residual,residual_w50_physics_s3,physics,3,50,4,True,test,C,20-200GeV,0.9209719999887511,92.7258041021446,1.0575510668218158,0.01485016940477868,0.0002996557904869847,3.67804203450155e-09,0.7430259263347949,311,1.9820198815523327e-06,1.1178560299640594e-06,4,4.790932095488643e-07,0.009702852425164103
residual,residual_w50_physics_s3,physics,3,50,4,True,test,C,all,1.158832516398256,276.78782087916727,1.4108486547028676,0.044186944341495504,3.575496941844547e-05,6.49285025173704e-10,6.63368461363234,2793,1.9820198815523327e-06,1.9820198815523327e-06,32,5.807194725093723e-07,3.303541561407996
residual,residual_w50_physics_s4,physics,4,50,4,True,val,A,1-5GeV,7.025849254339911,53804.791016973446,6.749958916882792,0.13030165101275692,0.006789649161775327,1.3047667898472916e-06,25.804742523524773,350,0.0007444257531519227,0.002909424121233517,19,0.0028088209010346255,7173.877347743397
residual,residual_w50_physics_s4,physics,4,50,4,True,val,A,5-20GeV,2.3879772276069744,6115.415245109578,2.2878768141689765,0.04451599787631561,0.00031851036552969975,1.150952297758536e-06,11.007220319043443,184,0.0007444257531519227,0.020400536357767507,9,0.0005096686157557428,2306.1250752016567
residual,residual_w50_physics_s4,physics,4,50,4,True,val,A,20-200GeV,5.539878327904757,2424.7804733910675,6.168940382542898,0.03941278143598185,0.0019352491970097505,4.84159849314365e-06,15.481654977695825,98,0.0007444257531519227,0.0004550318470283865,4,0.0009147414785637409,436.5695393626081
residual,residual_w50_physics_s4,physics,4,50,4,True,val,A,all,4.24663367435707,16906.25655229743,4.512074423695722,0.07866081558818849,0.0041529074923825696,2.047296045361812e-06,15.482794052115722,632,0.0007444257531519227,0.0007444257531519227,32,0.0012975941081627695,10095.745280850735
residual,residual_w50_physics_s4,physics,4,50,4,True,val,B,1-5GeV,2658.002991184162,101270.56406872568,3036.4671607188106,1.9846481559745444,0.0008873541511918489,4.06589538511176e-06,1181464.7237645744,219,29.06626263219181,194.32988753253255,14,239.1203764747729,31863.319386796837
residual,residual_w50_physics_s4,physics,4,50,4,True,val,B,5-20GeV,751.6918687937277,9947.119384809379,852.3214870468223,0.18650137467348532,0.00025215528399381826,2.6627570193529482e-06,360379.6349347898,268,29.06626263219181,18.868742882830247,13,23.771840872143457,312.6197581884921
residual,residual_w50_physics_s4,physics,4,50,4,True,val,B,20-200GeV,1054.9885070214416,5282.674739326478,1176.6195685722564,0.23346310702610928,0.0012486564137923343,2.8552998032576244e-05,104397.23230693299,94,29.06626263219181,8.451150669401386,5,6.659794481365111,77.86268877226932
residual,residual_w50_physics_s4,physics,4,50,4,True,val,B,all,1105.0152628217802,36392.8942270636,1282.1313916650752,0.32406360048689575,0.0006528087403060888,4.06589538511176e-06,468725.43876780034,581,29.06626263219181,29.06626263219181,32,46.362551442712174,10372.636338919856
residual,residual_w50_physics_s4,physics,4,50,4,True,val,C,1-5GeV,1.9579888712542015,365.10771408637765,2.291644086000133,0.06752488438199755,6.682625960090606e-07,3.553341963171666e-10,24.01565099967229,1541,1.9820198815523327e-06,2.8307738375588087e-06,18,6.750537906441423e-06,0.20163025035344614
residual,residual_w50_physics_s4,physics,4,50,4,True,val,C,5-20GeV,0.9078070978603137,128.47866305622802,0.8928816558286812,0.020665993565260887,3.0687775817047946e-06,7.901849287733958e-10,3.982292308535307,901,1.9820198815523327e-06,6.594778056978612e-07,10,1.7530226159578888e-06,0.14228742605375028
residual,residual_w50_physics_s4,physics,4,50,4,True,val,C,20-200GeV,0.9427077475758772,77.06388802290573,0.8927155254383479,0.010798872618456024,1.6700400143690832e-05,4.3470058548175456e-09,0.6156453043622001,314,1.9820198815523327e-06,1.1178560299640594e-06,4,4.790932095488643e-07,0.009702852425164103
residual,residual_w50_physics_s4,physics,4,50,4,True,val,C,all,1.1251780792491672,254.5069698048792,1.1749780877547966,0.039476229544420025,3.2796396613515607e-06,5.430560221475133e-10,6.048405576626337,2756,1.9820198815523327e-06,1.9820198815523327e-06,32,5.807194725093723e-07,3.303541561407996
residual,residual_w50_physics_s4,physics,4,50,4,True,test,A,1-5GeV,8.42404004357389,65523.67996595374,8.030627863655603,0.14399281497928795,0.007399949732992977,2.3356627154295506e-06,31.11023947234115,324,0.0007444257531519227,0.002909424121233517,19,0.0028088209010346255,7173.877347743397
residual,residual_w50_physics_s4,physics,4,50,4,True,test,A,5-20GeV,1.9645887910153537,6403.474999590799,1.9937546535131467,0.04848529463664583,0.00034135696072036233,1.0307078296564673e-06,9.80516663159503,191,0.0007444257531519227,0.020400536357767507,9,0.0005096686157557428,2306.1250752016567
residual,residual_w50_physics_s4,physics,4,50,4,True,test,A,20-200GeV,1.8561050038758964,2252.6916646116283,2.017378763246036,0.019568185736699648,0.00012849887901866005,2.310371957155301e-06,5.945399012586616,89,0.0007444257531519227,0.0004550318470283865,4,0.0009147414785637409,436.5695393626081
residual,residual_w50_physics_s4,physics,4,50,4,True,test,A,all,3.019015097352029,22414.513037623405,3.122203671422241,0.06719904264913118,0.004096389558311218,1.7397071143142113e-06,10.945522383782214,604,0.0007444257531519227,0.0007444257531519227,32,0.0012975941081627695,10095.745280850735
residual,residual_w50_physics_s4,physics,4,50,4,True,test,B,1-5GeV,2439.4730539283955,63121.044184227685,2892.1057074258556,1.2142370421772686,0.00014570951214920534,3.187476121839331e-06,1197127.786821343,191,29.06626263219181,194.32988753253255,14,239.1203764747729,31863.319386796837
residual,residual_w50_physics_s4,physics,4,50,4,True,test,B,5-20GeV,728.3873761824964,5095.317741099271,888.7981479665541,0.19516756165973304,3.000798378598836e-05,2.294675499806217e-06,355193.23732396663,278,29.06626263219181,18.868742882830247,13,23.771840872143457,312.6197581884921
residual,residual_w50_physics_s4,physics,4,50,4,True,test,B,20-200GeV,883.3518906463382,4265.170643859269,970.0414756304597,0.16597856328250288,0.0007506604422109604,2.2542657234043825e-05,104910.80409850382,95,29.06626263219181,8.451150669401386,5,6.659794481365111,77.86268877226932
residual,residual_w50_physics_s4,physics,4,50,4,True,test,B,all,1014.6247789034533,25297.148393896117,1160.6278205401175,0.3071622605741245,0.00019057708922525573,3.2232958422179467e-06,444074.60985912883,564,29.06626263219181,29.06626263219181,32,46.362551442712174,10372.636338919856
residual,residual_w50_physics_s4,physics,4,50,4,True,test,C,1-5GeV,2.0310226985600366,387.2367617992381,2.160517730999345,0.06674353229244555,8.696166663840858e-06,3.3875239208500964e-10,20.65045648123487,1625,1.9820198815523327e-06,2.8307738375588087e-06,18,6.750537906441423e-06,0.20163025035344614
residual,residual_w50_physics_s4,physics,4,50,4,True,test,C,5-20GeV,0.8826323738500008,130.67531194440383,0.8663229159537877,0.02074986572465909,1.6603282272421803e-06,8.64157357956057e-10,4.010366603324655,857,1.9820198815523327e-06,6.594778056978612e-07,10,1.7530226159578888e-06,0.14228742605375028
residual,residual_w50_physics_s4,physics,4,50,4,True,test,C,20-200GeV,0.9145087620865411,80.88983584349307,0.8742849054357293,0.011350841827149905,8.43783340422712e-05,4.757732034797843e-09,0.7430259263347949,311,1.9820198815523327e-06,1.1178560299640594e-06,4,4.790932095488643e-07,0.009702852425164103
residual,residual_w50_physics_s4,physics,4,50,4,True,test,C,all,1.1750836044797097,259.8244951943942,1.2006158263488942,0.03949642858430691,1.4964494810825025e-05,4.868755227121265e-10,6.63368461363234,2793,1.9820198815523327e-06,1.9820198815523327e-06,32,5.807194725093723e-07,3.303541561407996
residual,residual_w50_physics_s5,physics,5,50,4,True,val,A,1-5GeV,9.295704409964411,49477.07914976315,9.09420610475764,0.18715812920597208,0.005739331869802856,3.138309002914482e-06,25.804742523524773,350,0.0007444257531519227,0.002909424121233517,19,0.0028088209010346255,7173.877347743397
residual,residual_w50_physics_s5,physics,5,50,4,True,val,A,5-20GeV,3.5100200034210163,4306.043139732639,4.136482329825498,0.0736071960500493,0.00025802776544360664,1.6913477906516957e-06,11.007220319043443,184,0.0007444257531519227,0.020400536357767507,9,0.0005096686157557428,2306.1250752016567
residual,residual_w50_physics_s5,physics,5,50,4,True,val,A,20-200GeV,8.941834031783834,4705.833294553984,10.680135385010143,0.04417491781249497,0.0015922628673313666,1.0345614925066204e-05,15.481654977695825,98,0.0007444257531519227,0.0004550318470283865,4,0.0009147414785637409,436.5695393626081
residual,residual_w50_physics_s5,physics,5,50,4,True,val,A,all,6.037841356873852,14106.102225144772,6.167378378161836,0.09749051102863823,0.003500450987770723,3.273451193616315e-06,15.482794052115722,632,0.0007444257531519227,0.0007444257531519227,32,0.0012975941081627695,10095.745280850735
residual,residual_w50_physics_s5,physics,5,50,4,True,val,B,1-5GeV,3462.412879772728,86257.82373670542,4684.596854554684,1.7971907185042602,0.00055604956370079,6.449999158039399e-06,1181464.7237645744,219,29.06626263219181,194.32988753253255,14,239.1203764747729,31863.319386796837
residual,residual_w50_physics_s5,physics,5,50,4,True,val,B,5-20GeV,851.2472063210907,17386.081366208316,1056.1905477644018,0.28188656749235375,0.0002956237528929353,3.684860044414519e-06,360379.6349347898,268,29.06626263219181,18.868742882830247,13,23.771840872143457,312.6197581884921
residual,residual_w50_physics_s5,physics,5,50,4,True,val,B,20-200GeV,811.7633420207185,4616.96028171788,1161.580864307382,0.2992756868811994,0.0011056493487029365,1.5250848848613393e-05,104397.23230693299,94,29.06626263219181,8.451150669401386,5,6.659794481365111,77.86268877226932
residual,residual_w50_physics_s5,physics,5,50,4,True,val,B,all,1377.9362433097617,42097.85840757968,1603.032047701845,0.46457613049616375,0.0005248417538792697,5.626363631233871e-06,468725.43876780034,581,29.06626263219181,29.06626263219181,32,46.362551442712174,10372.636338919856
residual,residual_w50_physics_s5,physics,5,50,4,True,val,C,1-5GeV,1.88932868604752,346.8653011032501,2.1235510175756644,0.06830862873119514,4.250679106445737e-06,3.5132647531151976e-10,24.01565099967229,1541,1.9820198815523327e-06,2.8307738375588087e-06,18,6.750537906441423e-06,0.20163025035344614
residual,residual_w50_physics_s5,physics,5,50,4,True,val,C,5-20GeV,1.0096931342093995,233.3617603050584,1.1400070191882605,0.013042357255112214,8.436714417318188e-06,1.0067732304088443e-09,3.982292308535307,901,1.9820198815523327e-06,6.594778056978612e-07,10,1.7530226159578888e-06,0.14228742605375028
residual,residual_w50_physics_s5,physics,5,50,4,True,val,C,20-200GeV,1.1131701082582879,126.83182462375113,1.1038921353399012,0.005441287899066692,9.772057684919022e-06,5.08439418521583e-09,0.6156453043622001,314,1.9820198815523327e-06,1.1178560299640594e-06,4,4.790932095488643e-07,0.009702852425164103
residual,residual_w50_physics_s5,physics,5,50,4,True,val,C,all,1.312554108322317,304.3977641274864,1.4352564846183968,0.03602011114088154,6.248259182184739e-06,5.833599027046584e-10,6.048405576626337,2756,1.9820198815523327e-06,1.9820198815523327e-06,32,5.807194725093723e-07,3.303541561407996
residual,residual_w50_physics_s5,physics,5,50,4,True,test,A,1-5GeV,12.109743778751291,66603.75975721619,11.716565768620345,0.17276272418120797,0.009348206692909344,3.006933731275602e-06,31.11023947234115,324,0.0007444257531519227,0.002909424121233517,19,0.0028088209010346255,7173.877347743397
residual,residual_w50_physics_s5,physics,5,50,4,True,test,A,5-20GeV,3.0584178709998078,6215.436487508214,3.14094446713975,0.07666735677375885,0.00023052342808386507,1.7441164321265396e-06,9.80516663159503,191,0.0007444257531519227,0.020400536357767507,9,0.0005096686157557428,2306.1250752016567
residual,residual_w50_physics_s5,physics,5,50,4,True,test,A,20-200GeV,3.0839370038846514,3547.914812894727,3.406560417316351,0.028648032184962202,0.0003577982714938955,4.549981512883288e-06,5.945399012586616,89,0.0007444257531519227,0.0004550318470283865,4,0.0009147414785637409,436.5695393626081
residual,residual_w50_physics_s5,physics,5,50,4,True,test,A,all,4.051908245034319,13470.859670685051,4.202693654141533,0.08017261128739558,0.005140220181174839,2.4447447658296884e-06,10.945522383782214,604,0.0007444257531519227,0.0007444257531519227,32,0.0012975941081627695,10095.745280850735
residual,residual_w50_physics_s5,physics,5,50,4,True,test,B,1-5GeV,3169.5707617927837,81239.07717635733,3227.5564146763145,1.5168551439677658,0.0003730587090731808,4.796071346030797e-06,1197127.786821343,191,29.06626263219181,194.32988753253255,14,239.1203764747729,31863.319386796837
residual,residual_w50_physics_s5,physics,5,50,4,True,test,B,5-20GeV,959.3833192070065,8429.696508672896,1251.7387743202876,0.3312709004995029,4.826800321463125e-05,3.930275432972396e-06,355193.23732396663,278,29.06626263219181,18.868742882830247,13,23.771840872143457,312.6197581884921
residual,residual_w50_physics_s5,physics,5,50,4,True,test,B,20-200GeV,759.085185714266,4536.82619139697,923.0378927847909,0.2754620955737197,0.000837898932252101,1.569547792370702e-05,104910.80409850382,95,29.06626263219181,8.451150669401386,5,6.659794481365111,77.86268877226932
residual,residual_w50_physics_s5,physics,5,50,4,True,test,B,all,1262.5729189070398,32968.251171372176,1578.3355752417947,0.4238561178178252,0.0002912643916499905,6.085976105326375e-06,444074.60985912883,564,29.06626263219181,29.06626263219181,32,46.362551442712174,10372.636338919856
residual,residual_w50_physics_s5,physics,5,50,4,True,test,C,1-5GeV,2.021161191350984,461.0676097194066,2.294423158293313,0.0681839383358529,1.1790314444433896e-05,3.8830631268217054e-10,20.65045648123487,1625,1.9820198815523327e-06,2.8307738375588087e-06,18,6.750537906441423e-06,0.20163025035344614
residual,residual_w50_physics_s5,physics,5,50,4,True,test,C,5-20GeV,0.9781808821109905,204.49229932205515,1.0860299488344438,0.012701160297813596,2.4912607530185873e-06,9.486746052467384e-10,4.010366603324655,857,1.9820198815523327e-06,6.594778056978612e-07,10,1.7530226159578888e-06,0.14228742605375028
residual,residual_w50_physics_s5,physics,5,50,4,True,test,C,20-200GeV,1.1793977241154607,156.58309792650016,1.1934603287695467,0.009993316546927367,5.979420759731526e-05,4.366920253873569e-09,0.7430259263347949,311,1.9820198815523327e-06,1.1178560299640594e-06,4,4.790932095488643e-07,0.009702852425164103
residual,residual_w50_physics_s5,physics,5,50,4,True,test,C,all,1.357036375793541,298.8626015989445,1.4678989980119184,0.03637127862038403,1.4282230576551038e-05,6.312593862609104e-10,6.63368461363234,2793,1.9820198815523327e-06,1.9820198815523327e-06,32,5.807194725093723e-07,3.303541561407996
residual,residual_w50_physics_s6,physics,6,50,4,True,val,A,1-5GeV,13.174263862257895,48780.28214440561,12.532292712664262,0.15714211773872921,0.004282720044474942,3.927756019751395e-06,25.804742523524773,350,0.0007444257531519227,0.002909424121233517,19,0.0028088209010346255,7173.877347743397
residual,residual_w50_physics_s6,physics,6,50,4,True,val,A,5-20GeV,3.014475330047006,6262.593294700422,2.8591979487381236,0.05203729030689311,7.479231569987707e-05,1.747369476034624e-06,11.007220319043443,184,0.0007444257531519227,0.020400536357767507,9,0.0005096686157557428,2306.1250752016567
residual,residual_w50_physics_s6,physics,6,50,4,True,val,A,20-200GeV,4.104146802685782,2882.482250585797,3.8259206542792246,0.034762840680995985,0.0001340224750225515,4.916699316284694e-06,15.481654977695825,98,0.0007444257531519227,0.0004550318470283865,4,0.0009147414785637409,436.5695393626081
residual,residual_w50_physics_s6,physics,6,50,4,True,val,A,all,5.47224212784192,19834.5717692412,5.130488023003643,0.08253198556412711,0.0024143164623531914,2.921699021977765e-06,15.482794052115722,632,0.0007444257531519227,0.0007444257531519227,32,0.0012975941081627695,10095.745280850735
residual,residual_w50_physics_s6,physics,6,50,4,True,val,B,1-5GeV,3091.0467283656544,63631.90998227462,3225.9645298810256,1.5342473938038115,0.0021064811612342893,4.614490296483856e-06,1181464.7237645744,219,29.06626263219181,194.32988753253255,14,239.1203764747729,31863.319386796837
residual,residual_w50_physics_s6,physics,6,50,4,True,val,B,5-20GeV,604.3274570406538,8280.856726200167,725.7478376339748,0.2231749636038352,0.0007124027348653993,1.5485175117226866e-06,360379.6349347898,268,29.06626263219181,18.868742882830247,13,23.771840872143457,312.6197581884921
residual,residual_w50_physics_s6,physics,6,50,4,True,val,B,20-200GeV,645.1943137334979,4240.534010574618,852.4848739450235,0.23447372425750707,0.0016820907396851434,1.1623579865543739e-05,104397.23230693299,94,29.06626263219181,8.451150669401386,5,6.659794481365111,77.86268877226932
residual,residual_w50_physics_s6,physics,6,50,4,True,val,B,all,949.1541012880589,31624.230776368677,1266.3960342729297,0.3876930507755727,0.0013947673610751115,3.3855079312729247e-06,468725.43876780034,581,29.06626263219181,29.06626263219181,32,46.362551442712174,10372.636338919856
residual,residual_w50_physics_s6,physics,6,50,4,True,val,C,1-5GeV,1.6250313979071507,361.59538695414994,2.1336360973691626,0.05413710539442507,3.963247695926762e-06,2.4048306907124823e-10,24.01565099967229,1541,1.9820198815523327e-06,2.8307738375588087e-06,18,6.750537906441423e-06,0.20163025035344614
residual,residual_w50_physics_s6,physics,6,50,4,True,val,C,5-20GeV,0.7200551431418845,108.80589292455056,0.7381660849432592,0.024808419597475984,7.252922865965881e-06,6.516544629244353e-10,3.982292308535307,901,1.9820198815523327e-06,6.594778056978612e-07,10,1.7530226159578888e-06,0.14228742605375028
residual,residual_w50_physics_s6,physics,6,50,4,True,val,C,20-200GeV,0.8259466617595024,91.77787961149355,0.8025682010970314,0.011292315092649007,4.390540698132423e-06,2.1383945526527565e-09,0.6156453043622001,314,1.9820198815523327e-06,1.1178560299640594e-06,4,4.790932095488643e-07,0.009702852425164103
residual,residual_w50_physics_s6,physics,6,50,4,True,val,C,all,0.9818231409560729,207.4275039501252,1.1378112088546999,0.03636007546668936,5.087401299300428e-06,3.9285710908074454e-10,6.048405576626337,2756,1.9820198815523327e-06,1.9820198815523327e-06,32,5.807194725093723e-07,3.303541561407996
residual,residual_w50_physics_s6,physics,6,50,4,True,test,A,1-5GeV,17.88547975603816,60948.982037634596,16.918913450485462,0.15700208899932858,0.009926797902304864,4.462252353773056e-06,31.11023947234115,324,0.0007444257531519227,0.002909424121233517,19,0.0028088209010346255,7173.877347743397
residual,residual_w50_physics_s6,physics,6,50,4,True,test,A,5-20GeV,3.227079736166205,4841.895688894397,3.0705642356918528,0.05753557654950871,0.00011617359557302781,1.7687063711032557e-06,9.80516663159503,191,0.0007444257531519227,0.020400536357767507,9,0.0005096686157557428,2306.1250752016567
residual,residual_w50_physics_s6,physics,6,50,4,True,test,A,20-200GeV,1.8188181620222288,1851.6713413918203,1.7559222421190679,0.019053835572198016,7.204192928412882e-05,2.4394589787340415e-06,5.945399012586616,89,0.0007444257531519227,0.0004550318470283865,4,0.0009147414785637409,436.5695393626081
residual,residual_w50_physics_s6,physics,6,50,4,True,test,A,all,3.983414090264703,28027.585749174686,3.8134994389606436,0.07042885460142173,0.005372323524515747,2.674245970516677e-06,10.945522383782214,604,0.0007444257531519227,0.0007444257531519227,32,0.0012975941081627695,10095.745280850735
residual,residual_w50_physics_s6,physics,6,50,4,True,test,B,1-5GeV,2873.4000306998837,67506.98807695437,3030.746917633337,1.1876462652566921,0.0037680995762548043,4.793418559673205e-06,1197127.786821343,191,29.06626263219181,194.32988753253255,14,239.1203764747729,31863.319386796837
residual,residual_w50_physics_s6,physics,6,50,4,True,test,B,5-20GeV,695.1270900043519,9403.299512229141,866.8604034110245,0.2333662280646874,4.785137394093688e-05,1.6911172567933786e-06,355193.23732396663,278,29.06626263219181,18.868742882830247,13,23.771840872143457,312.6197581884921
residual,residual_w50_physics_s6,physics,6,50,4,True,test,B,20-200GeV,437.73737814322544,3035.7375826589546,644.5845423115202,0.15704161901537728,0.00016311097058432765,6.9930171822992555e-06,104910.80409850382,95,29.06626263219181,8.451150669401386,5,6.659794481365111,77.86268877226932
residual,residual_w50_physics_s6,physics,6,50,4,True,test,B,all,944.6780339517602,28347.45864405055,1183.204056460113,0.3414343216806004,0.0013271369560740411,3.1770571884362725e-06,444074.60985912883,564,29.06626263219181,29.06626263219181,32,46.362551442712174,10372.636338919856
residual,residual_w50_physics_s6,physics,6,50,4,True,test,C,1-5GeV,1.5217400346374532,331.3481228668476,2.1856313828720886,0.05621246550159206,1.5578597127597015e-05,2.6160281133268135e-10,20.65045648123487,1625,1.9820198815523327e-06,2.8307738375588087e-06,18,6.750537906441423e-06,0.20163025035344614
residual,residual_w50_physics_s6,physics,6,50,4,True,test,C,5-20GeV,0.7218445440795307,109.69006259012934,0.7314942554330628,0.02291215950481207,1.702269126265646e-06,6.13082409149372e-10,4.010366603324655,857,1.9820198815523327e-06,6.594778056978612e-07,10,1.7530226159578888e-06,0.14228742605375028
residual,residual_w50_physics_s6,physics,6,50,4,True,test,C,20-200GeV,0.9243655939439321,122.93406769725834,0.9067458814344675,0.012222383312764443,5.3266038076579326e-05,2.0907383616940906e-09,0.7430259263347949,311,1.9820198815523327e-06,1.1178560299640594e-06,4,4.790932095488643e-07,0.009702852425164103
residual,residual_w50_physics_s6,physics,6,50,4,True,test,C,all,1.0139362582322065,220.3580640015736,1.1512056781555202,0.03791546230040577,1.5517294241092372e-05,3.843043587293973e-10,6.63368461363234,2793,1.9820198815523327e-06,1.9820198815523327e-06,32,5.807194725093723e-07,3.303541561407996
residual,residual_w50_physics_s7,physics,7,50,4,True,val,A,1-5GeV,13.15674022013985,62001.52336459472,12.584859454542075,0.14862772112882172,0.0061128165348905816,4.73026891902316e-06,25.804742523524773,350,0.0007444257531519227,0.002909424121233517,19,0.0028088209010346255,7173.877347743397
residual,residual_w50_physics_s7,physics,7,50,4,True,val,A,5-20GeV,3.093654906171639,5665.889782907542,3.0145862222646924,0.040819372016109856,0.0002840748348177362,1.9433342242571246e-06,11.007220319043443,184,0.0007444257531519227,0.020400536357767507,9,0.0005096686157557428,2306.1250752016567
residual,residual_w50_physics_s7,physics,7,50,4,True,val,A,20-200GeV,9.273492960566676,3413.9035731330487,8.785327161517476,0.04404786257798665,0.0003923260312229823,2.0774609508354915e-05,15.481654977695825,98,0.0007444257531519227,0.0004550318470283865,4,0.0009147414785637409,436.5695393626081
residual,residual_w50_physics_s7,physics,7,50,4,True,val,A,all,6.350738108203524,16574.159705157337,5.955706250124093,0.07756884029798405,0.003528803018794334,5.638236049528689e-06,15.482794052115722,632,0.0007444257531519227,0.0007444257531519227,32,0.0012975941081627695,10095.745280850735
residual,residual_w50_physics_s7,physics,7,50,4,True,val,B,1-5GeV,3038.0439786713396,84874.12551241108,3526.745327656954,1.7259489034635034,0.0004570291357505792,4.576291643825622e-06,1181464.7237645744,219,29.06626263219181,194.32988753253255,14,239.1203764747729,31863.319386796837
residual,residual_w50_physics_s7,physics,7,50,4,True,val,B,5-20GeV,763.2004792007549,13280.355483197474,953.563564005421,0.2762899103459643,0.0001906267744714645,2.4372148252324902e-06,360379.6349347898,268,29.06626263219181,18.868742882830247,13,23.771840872143457,312.6197581884921
residual,residual_w50_physics_s7,physics,7,50,4,True,val,B,20-200GeV,977.8282239641669,5423.62042999678,1156.725449272505,0.2634947374481368,0.0005633176423328922,2.734920782449828e-05,104397.23230693299,94,29.06626263219181,8.451150669401386,5,6.659794481365111,77.86268877226932
residual,residual_w50_physics_s7,physics,7,50,4,True,val,B,all,1192.9977176378088,32793.65773202733,1480.0476455333182,0.4114169174359583,0.00035134116121690394,4.685639135427491e-06,468725.43876780034,581,29.06626263219181,29.06626263219181,32,46.362551442712174,10372.636338919856
residual,residual_w50_physics_s7,physics,7,50,4,True,val,C,1-5GeV,1.647305347233896,348.3097565862465,1.917542720889287,0.0602934302836311,6.465139564382381e-07,1.8750506368238754e-10,24.01565099967229,1541,1.9820198815523327e-06,2.8307738375588087e-06,18,6.750537906441423e-06,0.20163025035344614
residual,residual_w50_physics_s7,physics,7,50,4,True,val,C,5-20GeV,0.8875629774678373,131.1780957926203,0.9399430659868813,0.02238338219620606,2.203784837075837e-06,7.518079737204364e-10,3.982292308535307,901,1.9820198815523327e-06,6.594778056978612e-07,10,1.7530226159578888e-06,0.14228742605375028
residual,residual_w50_physics_s7,physics,7,50,4,True,val,C,20-200GeV,1.2078053274827694,48.26427693638433,1.1577741035750932,0.013606272752235285,4.017359773572684e-06,3.397370109808814e-09,0.6156453043622001,314,1.9820198815523327e-06,1.1178560299640594e-06,4,4.790932095488643e-07,0.009702852425164103
residual,residual_w50_physics_s7,physics,7,50,4,True,val,C,all,1.1728893704656684,244.05547598232147,1.2264528596550583,0.03914892620108818,1.5396731182795636e-06,3.648211103115765e-10,6.048405576626337,2756,1.9820198815523327e-06,1.9820198815523327e-06,32,5.807194725093723e-07,3.303541561407996
residual,residual_w50_physics_s7,physics,7,50,4,True,test,A,1-5GeV,18.29850396653343,62652.88675763478,17.59842000446199,0.15104866477999232,0.008010212964808265,4.973001099872307e-06,31.11023947234115,324,0.0007444257531519227,0.002909424121233517,19,0.0028088209010346255,7173.877347743397
residual,residual_w50_physics_s7,physics,7,50,4,True,test,A,5-20GeV,2.5065431242470293,4340.2294411241655,2.419556235712994,0.0357610458046856,0.00032025353960494325,2.224957886015402e-06,9.80516663159503,191,0.0007444257531519227,0.020400536357767507,9,0.0005096686157557428,2306.1250752016567
residual,residual_w50_physics_s7,physics,7,50,4,True,test,A,20-200GeV,4.40510011307671,1724.451698560415,4.145350628656619,0.029607174795765606,0.0001321940038623236,1.1288058027140883e-05,5.945399012586616,89,0.0007444257531519227,0.0004550318470283865,4,0.0009147414785637409,436.5695393626081
residual,residual_w50_physics_s7,physics,7,50,4,True,test,A,all,5.134230712716459,17731.59443812328,4.900175926777994,0.05931457453200181,0.004417620352659219,3.895115426649971e-06,10.945522383782214,604,0.0007444257531519227,0.0007444257531519227,32,0.0012975941081627695,10095.745280850735
residual,residual_w50_physics_s7,physics,7,50,4,True,test,B,1-5GeV,3416.048311069744,68345.65253445998,3347.4579467430203,1.362494368183531,0.00033422075921451486,6.072241304932006e-06,1197127.786821343,191,29.06626263219181,194.32988753253255,14,239.1203764747729,31863.319386796837
residual,residual_w50_physics_s7,physics,7,50,4,True,test,B,5-20GeV,858.2675214692301,9407.302230444899,1025.5733885536315,0.23277826246720715,5.93946630750886e-05,2.0291858361966106e-06,355193.23732396663,278,29.06626263219181,18.868742882830247,13,23.771840872143457,312.6197581884921
residual,residual_w50_physics_s7,physics,7,50,4,True,test,B,20-200GeV,780.9171329681561,2920.3364751755707,829.6176252502931,0.27971760559908354,0.00032067689977980924,2.396086696317943e-05,104910.80409850382,95,29.06626263219181,8.451150669401386,5,6.659794481365111,77.86268877226932
residual,residual_w50_physics_s7,physics,7,50,4,True,test,B,all,1235.038096340535,27107.302902671887,1356.3174011124488,0.36275485768158533,0.00019647550855306535,5.295305091724544e-06,444074.60985912883,564,29.06626263219181,29.06626263219181,32,46.362551442712174,10372.636338919856
residual,residual_w50_physics_s7,physics,7,50,4,True,test,C,1-5GeV,1.8012370478004414,339.0770862206684,2.16053073427247,0.06316938871148148,2.10365003637654e-06,2.5275154681575485e-10,20.65045648123487,1625,1.9820198815523327e-06,2.8307738375588087e-06,18,6.750537906441423e-06,0.20163025035344614
residual,residual_w50_physics_s7,physics,7,50,4,True,test,C,5-20GeV,0.8026993722642928,122.72003673249245,0.838162910079987,0.019772409059592988,7.520132912877821e-07,6.195966552263508e-10,4.010366603324655,857,1.9820198815523327e-06,6.594778056978612e-07,10,1.7530226159578888e-06,0.14228742605375028
residual,residual_w50_physics_s7,physics,7,50,4,True,test,C,20-200GeV,1.2083807853100481,37.67414501484723,1.2052005121243603,0.014756353640343889,4.5077481697148954e-05,3.315393688339532e-09,0.7430259263347949,311,1.9820198815523327e-06,1.1178560299640594e-06,4,4.790932095488643e-07,0.009702852425164103
residual,residual_w50_physics_s7,physics,7,50,4,True,test,C,all,1.1674432544594993,236.52621916980948,1.2677751009428917,0.039190920088735814,6.47404350431752e-06,3.849169873907742e-10,6.63368461363234,2793,1.9820198815523327e-06,1.9820198815523327e-06,32,5.807194725093723e-07,3.303541561407996
residual,residual_w50_physics_s8,physics,8,50,4,True,val,A,1-5GeV,14.524392531362285,66635.5124230342,14.033077844590514,0.17836829881777427,0.008371269242061866,3.277584414904315e-06,25.804742523524773,350,0.0007444257531519227,0.002909424121233517,19,0.0028088209010346255,7173.877347743397
residual,residual_w50_physics_s8,physics,8,50,4,True,val,A,5-20GeV,5.088596495458897,3811.578454132651,4.81033885199067,0.05891399039731002,0.000269180134711003,3.1366344990800146e-06,11.007220319043443,184,0.0007444257531519227,0.020400536357767507,9,0.0005096686157557428,2306.1250752016567
residual,residual_w50_physics_s8,physics,8,50,4,True,val,A,20-200GeV,5.477584069070174,3097.3709937711897,5.34114409976838,0.04877034047715825,0.0011636826557093417,1.1740741104114439e-05,15.481654977695825,98,0.0007444257531519227,0.0004550318470283865,4,0.0009147414785637409,436.5695393626081
residual,residual_w50_physics_s8,physics,8,50,4,True,val,A,all,6.768839808087179,21615.126513198054,6.450853277734425,0.09648134707315736,0.004894801075582268,4.470736347647808e-06,15.482794052115722,632,0.0007444257531519227,0.0007444257531519227,32,0.0012975941081627695,10095.745280850735
residual,residual_w50_physics_s8,physics,8,50,4,True,val,B,1-5GeV,3986.985511974112,61831.88356474367,4112.162852048186,2.063533709564233,0.0003768010322505605,7.306421702887393e-06,1181464.7237645744,219,29.06626263219181,194.32988753253255,14,239.1203764747729,31863.319386796837
residual,residual_w50_physics_s8,physics,8,50,4,True,val,B,5-20GeV,740.8846778402562,12189.512993891667,1020.377782887465,0.26675224237969475,0.00013589439838804953,3.396640751766785e-06,360379.6349347898,268,29.06626263219181,18.868742882830247,13,23.771840872143457,312.6197581884921
residual,residual_w50_physics_s8,physics,8,50,4,True,val,B,20-200GeV,1105.1092335845142,6069.601798873279,1024.3392086694703,0.2344389624739443,0.0010196359311513152,2.6316974292165666e-05,104397.23230693299,94,29.06626263219181,8.451150669401386,5,6.659794481365111,77.86268877226932
residual,residual_w50_physics_s8,physics,8,50,4,True,val,B,all,1352.958504754497,32031.015884596683,1626.9683991546344,0.4093065349490693,0.0003696814154201268,4.999851144786115e-06,468725.43876780034,581,29.06626263219181,29.06626263219181,32,46.362551442712174,10372.636338919856
residual,residual_w50_physics_s8,physics,8,50,4,True,val,C,1-5GeV,2.3340202019426215,332.2497255431358,2.4312433600925942,0.06797844844275147,9.659020938251827e-07,2.6578731623666516e-10,24.01565099967229,1541,1.9820198815523327e-06,2.8307738375588087e-06,18,6.750537906441423e-06,0.20163025035344614
residual,residual_w50_physics_s8,physics,8,50,4,True,val,C,5-20GeV,0.7327736346844915,183.0306248860687,0.7531395678466168,0.01919781401471532,0.00010583417307816945,5.79317005329352e-10,3.982292308535307,901,1.9820198815523327e-06,6.594778056978612e-07,10,1.7530226159578888e-06,0.14228742605375028
residual,residual_w50_physics_s8,physics,8,50,4,True,val,C,20-200GeV,0.8419016026777193,122.95808822955318,0.8417485481928555,0.009795167860475028,7.60296513587363e-06,4.1419044854077045e-09,0.6156453043622001,314,1.9820198815523327e-06,1.1178560299640594e-06,4,4.790932095488643e-07,0.009702852425164103
residual,residual_w50_physics_s8,physics,8,50,4,True,val,C,all,1.1166291580630983,242.26075357685772,1.165878296176981,0.03686423996640542,3.600594198936124e-05,4.437721740136322e-10,6.048405576626337,2756,1.9820198815523327e-06,1.9820198815523327e-06,32,5.807194725093723e-07,3.303541561407996
residual,residual_w50_physics_s8,physics,8,50,4,True,test,A,1-5GeV,15.952206282495274,49259.84215992459,15.079731400330921,0.18123308932762802,0.009408798384517199,4.557506983297133e-06,31.11023947234115,324,0.0007444257531519227,0.002909424121233517,19,0.0028088209010346255,7173.877347743397
residual,residual_w50_physics_s8,physics,8,50,4,True,test,A,5-20GeV,4.834486850286979,6503.519590926771,4.569060091642374,0.0659560218977985,0.00040882058230950374,2.6936950858801613e-06,9.80516663159503,191,0.0007444257531519227,0.020400536357767507,9,0.0005096686157557428,2306.1250752016567
residual,residual_w50_physics_s8,physics,8,50,4,True,test,A,20-200GeV,2.7430040359969765,3360.2245540583544,2.6145652961109267,0.02960214678061901,8.29125653950354e-05,5.317432922262121e-06,5.945399012586616,89,0.0007444257531519227,0.0004550318470283865,4,0.0009147414785637409,436.5695393626081
residual,residual_w50_physics_s8,physics,8,50,4,True,test,A,all,5.511623767902041,25946.621055747793,5.2841462161581365,0.07974567769253565,0.005188600374378883,4.4165488801131046e-06,10.945522383782214,604,0.0007444257531519227,0.0007444257531519227,32,0.0012975941081627695,10095.745280850735
residual,residual_w50_physics_s8,physics,8,50,4,True,test,B,1-5GeV,3016.5648015786387,72172.57139156375,3198.0274463987257,1.3900835219374796,0.00017418803841530333,4.665937335319043e-06,1197127.786821343,191,29.06626263219181,194.32988753253255,14,239.1203764747729,31863.319386796837
residual,residual_w50_physics_s8,physics,8,50,4,True,test,B,5-20GeV,848.2811246964133,9269.158890822546,1098.9769997047033,0.2599781140459334,7.89414481497193e-05,3.1558562452206742e-06,355193.23732396663,278,29.06626263219181,18.868742882830247,13,23.771840872143457,312.6197581884921
residual,residual_w50_physics_s8,physics,8,50,4,True,test,B,20-200GeV,764.411426224811,3987.3984133831946,944.0693117034868,0.22625172089447976,0.000491693488538516,1.564668257141425e-05,104910.80409850382,95,29.06626263219181,8.451150669401386,5,6.659794481365111,77.86268877226932
residual,residual_w50_physics_s8,physics,8,50,4,True,test,B,all,1191.9141252041782,30326.396561103404,1344.8456871562087,0.3833963429208437,0.00018072077896117713,4.388666902844891e-06,444074.60985912883,564,29.06626263219181,29.06626263219181,32,46.362551442712174,10372.636338919856
residual,residual_w50_physics_s8,physics,8,50,4,True,test,C,1-5GeV,2.3125223161741815,411.4057187995507,2.4472451695127795,0.06903881598993578,3.841588513088415e-06,2.7440347262223684e-10,20.65045648123487,1625,1.9820198815523327e-06,2.8307738375588087e-06,18,6.750537906441423e-06,0.20163025035344614
residual,residual_w50_physics_s8,physics,8,50,4,True,test,C,5-20GeV,0.7368769087072735,133.75035489852803,0.7267194696396473,0.018101448381796503,1.0280124594813656e-06,6.536451212171833e-10,4.010366603324655,857,1.9820198815523327e-06,6.594778056978612e-07,10,1.7530226159578888e-06,0.14228742605375028
residual,residual_w50_physics_s8,physics,8,50,4,True,test,C,20-200GeV,0.9110136396253132,118.46091657896963,0.8670461163411414,0.009711347281960922,3.438239628966113e-05,4.059582839725538e-09,0.7430259263347949,311,1.9820198815523327e-06,1.1178560299640594e-06,4,4.790932095488643e-07,0.009702852425164103
residual,residual_w50_physics_s8,physics,8,50,4,True,test,C,all,1.179154449991504,228.29177594524603,1.2278510896521766,0.037673923283548794,6.378987918950527e-06,4.322977547353617e-10,6.63368461363234,2793,1.9820198815523327e-06,1.9820198815523327e-06,32,5.807194725093723e-07,3.303541561407996
residual,residual_w50_physics_s9,physics,9,50,4,True,val,A,1-5GeV,12.236097576526106,64616.24723818215,11.792479450721594,0.13590352955102775,0.00978011074815909,4.262849471359471e-06,25.804742523524773,350,0.0007444257531519227,0.002909424121233517,19,0.0028088209010346255,7173.877347743397
residual,residual_w50_physics_s9,physics,9,50,4,True,val,A,5-20GeV,3.493363452755971,4186.930067294309,3.5771604312925844,0.06301374965511902,0.0004113504299725525,1.2842363855247018e-06,11.007220319043443,184,0.0007444257531519227,0.020400536357767507,9,0.0005096686157557428,2306.1250752016567
residual,residual_w50_physics_s9,physics,9,50,4,True,val,A,20-200GeV,6.158277674884638,1832.3386018251792,6.2452974490031234,0.03807782571790949,0.0003021569001113558,9.562634041637655e-06,15.481654977695825,98,0.0007444257531519227,0.0004550318470283865,4,0.0009147414785637409,436.5695393626081
residual,residual_w50_physics_s9,physics,9,50,4,True,val,A,all,6.0645442341635825,16064.745835939617,6.04017880635388,0.07383864570315815,0.005582814267692317,3.702095694663939e-06,15.482794052115722,632,0.0007444257531519227,0.0007444257531519227,32,0.0012975941081627695,10095.745280850735
residual,residual_w50_physics_s9,physics,9,50,4,True,val,B,1-5GeV,3601.539657104695,64593.61519503231,4158.958603061592,1.428146335934799,0.0006997326514771324,6.709010641180544e-06,1181464.7237645744,219,29.06626263219181,194.32988753253255,14,239.1203764747729,31863.319386796837
residual,residual_w50_physics_s9,physics,9,50,4,True,val,B,5-20GeV,778.1222800111323,11864.131790427766,927.3223497979188,0.25508044655930817,0.00014704085260829292,2.8938968466744984e-06,360379.6349347898,268,29.06626263219181,18.868742882830247,13,23.771840872143457,312.6197581884921
residual,residual_w50_physics_s9,physics,9,50,4,True,val,B,20-200GeV,1207.0147932989528,4721.040659572014,1273.1940275765437,0.32704201130357574,0.0004901069079856722,2.4845502094611917e-05,104397.23230693299,94,29.06626263219181,8.451150669401386,5,6.659794481365111,77.86268877226932
residual,residual_w50_physics_s9,physics,9,50,4,True,val,B,all,1372.965927206451,33351.979260256936,1537.5816716695567,0.4043300027319133,0.0004108751265458997,5.369973502389064e-06,468725.43876780034,581,29.06626263219181,29.06626263219181,32,46.362551442712174,10372.636338919856
residual,residual_w50_physics_s9,physics,9,50,4,True,val,C,1-5GeV,1.8574365244035107,350.32409064683634,2.507178179598668,0.07839083451242901,4.3098704507917185e-06,3.0933153614253026e-10,24.01565099967229,1541,1.9820198815523327e-06,2.8307738375588087e-06,18,6.750537906441423e-06,0.20163025035344614
residual,residual_w50_physics_s9,physics,9,50,4,True,val,C,5-20GeV,1.1019495949202707,142.781353519581,1.0937495270217923,0.023090818656760353,4.832089647098561e-06,5.423183509039216e-10,3.982292308535307,901,1.9820198815523327e-06,6.594778056978612e-07,10,1.7530226159578888e-06,0.14228742605375028
residual,residual_w50_physics_s9,physics,9,50,4,True,val,C,20-200GeV,1.1132346098779444,177.1292169081037,1.0822632901946183,0.007701797317005536,9.251585992240344e-06,5.275959842637947e-09,0.6156453043622001,314,1.9820198815523327e-06,1.1178560299640594e-06,4,4.790932095488643e-07,0.009702852425164103
residual,residual_w50_physics_s9,physics,9,50,4,True,val,C,all,1.34373026264889,259.2210537717801,1.49183199754499,0.04542535135946017,5.0436216031456134e-06,4.454591006600058e-10,6.048405576626337,2756,1.9820198815523327e-06,1.9820198815523327e-06,32,5.807194725093723e-07,3.303541561407996
residual,residual_w50_physics_s9,physics,9,50,4,True,test,A,1-5GeV,16.51539965419424,63188.05832057977,16.005979800470804,0.13299042877166178,0.008986732202893189,3.7839941900825374e-06,31.11023947234115,324,0.0007444257531519227,0.002909424121233517,19,0.0028088209010346255,7173.877347743397
residual,residual_w50_physics_s9,physics,9,50,4,True,test,A,5-20GeV,2.8055251935752423,5853.153972978362,2.7161020334225405,0.06490734051568803,0.0002676688652547071,1.5718665211552875e-06,9.80516663159503,191,0.0007444257531519227,0.020400536357767507,9,0.0005096686157557428,2306.1250752016567
residual,residual_w50_physics_s9,physics,9,50,4,True,test,A,20-200GeV,2.836079673524061,2143.581789918643,3.1978214736330113,0.020971592722893173,0.0006062232047741579,4.6744260274068e-06,5.945399012586616,89,0.0007444257531519227,0.0004550318470283865,4,0.0009147414785637409,436.5695393626081
residual,residual_w50_physics_s9,physics,9,50,4,True,test,A,all,4.289758149690959,21259.14751541187,4.299341890391217,0.07504670109162914,0.004994668629513149,2.588671114513912e-06,10.945522383782214,604,0.0007444257531519227,0.0007444257531519227,32,0.0012975941081627695,10095.745280850735
residual,residual_w50_physics_s9,physics,9,50,4,True,test,B,1-5GeV,2734.621941381647,69057.06152120126,3403.0172978128803,1.204345312880369,0.00016927649819721663,4.831740361718858e-06,1197127.786821343,191,29.06626263219181,194.32988753253255,14,239.1203764747729,31863.319386796837
residual,residual_w50_physics_s9,physics,9,50,4,True,test,B,5-20GeV,788.2693844879327,7402.366027172443,961.0969407223813,0.28164006537646086,3.3903450488240844e-05,3.206258970032512e-06,355193.23732396663,278,29.06626263219181,18.868742882830247,13,23.771840872143457,312.6197581884921
residual,residual_w50_physics_s9,physics,9,50,4,True,test,B,20-200GeV,949.0869023717607,4771.547739534913,1054.6112869128876,0.23398919981983124,0.0005213943126649485,2.2536325848226418e-05,104910.80409850382,95,29.06626263219181,8.451150669401386,5,6.659794481365111,77.86268877226932
residual,residual_w50_physics_s9,physics,9,50,4,True,test,B,all,1185.0426225426531,26372.541013953673,1345.156941205019,0.4074488098235185,0.000161860691657038,5.163536120974657e-06,444074.60985912883,564,29.06626263219181,29.06626263219181,32,46.362551442712174,10372.636338919856
residual,residual_w50_physics_s9,physics,9,50,4,True,test,C,1-5GeV,1.92613594958857,378.6593003042971,2.6104878254500363,0.0883334144857334,7.607064825761368e-05,3.2361604751393695e-10,20.65045648123487,1625,1.9820198815523327e-06,2.8307738375588087e-06,18,6.750537906441423e-06,0.20163025035344614
residual,residual_w50_physics_s9,physics,9,50,4,True,test,C,5-20GeV,1.1313608462621971,131.46797877504918,1.1032800117618535,0.021268001999655284,9.008122544083433e-07,4.5030989623203115e-10,4.010366603324655,857,1.9820198815523327e-06,6.594778056978612e-07,10,1.7530226159578888e-06,0.14228742605375028
residual,residual_w50_physics_s9,physics,9,50,4,True,test,C,20-200GeV,1.0947972618466917,195.53888082950266,1.0499440353211043,0.011520323362901666,2.0734060339728133e-05,2.948591700701619e-09,0.7430259263347949,311,1.9820198815523327e-06,1.1178560299640594e-06,4,4.790932095488643e-07,0.009702852425164103
residual,residual_w50_physics_s9,physics,9,50,4,True,test,C,all,1.3638106409263884,244.95305955084083,1.4438066440334296,0.04395733883062747,4.684392849491788e-05,4.369445819434624e-10,6.63368461363234,2793,1.9820198815523327e-06,1.9820198815523327e-06,32,5.807194725093723e-07,3.303541561407996
wave1,w100_data_s0,data,0,100,4,True,val,A,1-5GeV,535.9462544673979,22321.783553475856,772.0078189669766,0.2229741608309188,0.08990572199310434,0.004234441239611784,25.804742523524773,350,0.0007444257531519227,0.002909424121233517,19,0.0028088209010346255,7173.877347743397
wave1,w100_data_s0,data,0,100,4,True,val,A,5-20GeV,351.2758635822194,3806.815710504693,342.9061374334075,0.08817766662219251,0.05375904425625648,0.011755755057332971,11.007220319043443,184,0.0007444257531519227,0.020400536357767507,9,0.0005096686157557428,2306.1250752016567
wave1,w100_data_s0,data,0,100,4,True,val,A,20-200GeV,485.44542349605024,2751.907119617801,450.8880759796609,0.07089467651214681,0.12216812455724779,0.0567492100270124,15.481654977695825,98,0.0007444257531519227,0.0004550318470283865,4,0.0009147414785637409,436.5695393626081
wave1,w100_data_s0,data,0,100,4,True,val,A,all,450.8976573646377,9041.744716625755,514.6321503923893,0.12126728793781377,0.08438472001162657,0.009524625345137764,15.482794052115722,632,0.0007444257531519227,0.0007444257531519227,32,0.0012975941081627695,10095.745280850735
wave1,w100_data_s0,data,0,100,4,True,val,B,1-5GeV,2514.7631106146946,39757.15251570393,3542.39704501299,1.495619916270452,0.00017890713747578156,3.699268352347472e-06,1181464.7237645744,219,29.06626263219181,194.32988753253255,14,239.1203764747729,31863.319386796837
wave1,w100_data_s0,data,0,100,4,True,val,B,5-20GeV,783.0977709390368,8201.455390095902,1143.5948386318414,0.4055613633415778,0.0003176281810125313,2.5528755427515988e-06,360379.6349347898,268,29.06626263219181,18.868742882830247,13,23.771840872143457,312.6197581884921
wave1,w100_data_s0,data,0,100,4,True,val,B,20-200GeV,586.5474342698108,3094.0995033772156,911.633377498486,0.2933874038208283,0.0013207408548898025,1.1685969371634989e-05,104397.23230693299,94,29.06626263219181,8.451150669401386,5,6.659794481365111,77.86268877226932
wave1,w100_data_s0,data,0,100,4,True,val,B,all,1093.4327009784965,19811.776356427345,1559.7294759883198,0.6072928258725845,0.0004276327985855353,3.6892304220651082e-06,468725.43876780034,581,29.06626263219181,29.06626263219181,32,46.362551442712174,10372.636338919856
wave1,w100_data_s0,data,0,100,4,True,val,C,1-5GeV,342.9944417726869,3006.783839141008,572.3821985913062,0.17709561657285738,0.0005899334812271983,8.39289055236961e-06,24.01565099967229,1541,1.9820198815523327e-06,2.8307738375588087e-06,18,6.750537906441423e-06,0.20163025035344614
wave1,w100_data_s0,data,0,100,4,True,val,C,5-20GeV,168.66369825732974,838.4079617120506,263.91269607371726,0.07485691443544912,0.00014172166125956794,1.0206589076628919e-05,3.982292308535307,901,1.9820198815523327e-06,6.594778056978612e-07,10,1.7530226159578888e-06,0.14228742605375028
wave1,w100_data_s0,data,0,100,4,True,val,C,20-200GeV,104.36801965571307,464.3838237006718,237.4553006411313,0.06244124573184795,0.0001712335924516751,1.7386393456848752e-05,0.6156453043622001,314,1.9820198815523327e-06,1.1178560299640594e-06,4,4.790932095488643e-07,0.009702852425164103
wave1,w100_data_s0,data,0,100,4,True,val,C,all,230.87962613581902,2124.2384568759576,365.41243724554477,0.1124434693368162,0.0003956988604484069,1.0108403698857043e-05,6.048405576626337,2756,1.9820198815523327e-06,1.9820198815523327e-06,32,5.807194725093723e-07,3.303541561407996
wave1,w100_data_s0,data,0,100,4,True,test,A,1-5GeV,519.4854312066198,18988.553065586148,812.6093745433786,0.21694921770001874,0.08238498680672211,0.004431575067604656,31.11023947234115,324,0.0007444257531519227,0.002909424121233517,19,0.0028088209010346255,7173.877347743397
wave1,w100_data_s0,data,0,100,4,True,test,A,5-20GeV,340.87436159499475,5803.345777535654,328.2219087407179,0.08717288767706721,0.0578489266192272,0.014729596273592152,9.80516663159503,191,0.0007444257531519227,0.020400536357767507,9,0.0005096686157557428,2306.1250752016567
wave1,w100_data_s0,data,0,100,4,True,test,A,20-200GeV,347.5627385704823,2201.967025366377,361.1451673855332,0.06915553732295826,0.08113494949891605,0.047544100766134675,5.945399012586616,89,0.0007444257531519227,0.0004550318470283865,4,0.0009147414785637409,436.5695393626081
wave1,w100_data_s0,data,0,100,4,True,test,A,all,406.3094961346275,10445.08737291417,498.70525233920637,0.1087091232113771,0.07444187287260577,0.01192087757441131,10.945522383782214,604,0.0007444257531519227,0.0007444257531519227,32,0.0012975941081627695,10095.745280850735
wave1,w100_data_s0,data,0,100,4,True,test,B,1-5GeV,2267.9278790824355,43490.369936390176,2991.994561812824,1.5602434637091989,0.00018188923827943147,3.0008389335379293e-06,1197127.786821343,191,29.06626263219181,194.32988753253255,14,239.1203764747729,31863.319386796837
wave1,w100_data_s0,data,0,100,4,True,test,B,5-20GeV,841.3504809329045,6235.014321635159,1143.9732523350515,0.4140913858149131,3.514548138225081e-05,3.0000511905119726e-06,355193.23732396663,278,29.06626263219181,18.868742882830247,13,23.771840872143457,312.6197581884921
wave1,w100_data_s0,data,0,100,4,True,test,B,20-200GeV,517.6585810146435,2569.5085070337996,772.6812796062177,0.19555372971776647,7.816129421187514e-05,8.623604570304418e-06,104910.80409850382,95,29.06626263219181,8.451150669401386,5,6.659794481365111,77.86268877226932
wave1,w100_data_s0,data,0,100,4,True,test,B,all,1055.2882376214507,14214.759500395345,1398.3976693720876,0.5873475892091383,9.208619022298809e-05,3.7261891942268418e-06,444074.60985912883,564,29.06626263219181,29.06626263219181,32,46.362551442712174,10372.636338919856
wave1,w100_data_s0,data,0,100,4,True,test,C,1-5GeV,354.52212245621695,3230.2438741937844,583.2951780017459,0.1907076197135288,0.0020212444488799082,1.0323393370691858e-05,20.65045648123487,1625,1.9820198815523327e-06,2.8307738375588087e-06,18,6.750537906441423e-06,0.20163025035344614
wave1,w100_data_s0,data,0,100,4,True,test,C,5-20GeV,152.86822752951502,768.808920115908,257.2857544210354,0.07448875729922436,0.00011925821696130794,7.607463291561856e-06,4.010366603324655,857,1.9820198815523327e-06,6.594778056978612e-07,10,1.7530226159578888e-06,0.14228742605375028
wave1,w100_data_s0,data,0,100,4,True,test,C,20-200GeV,104.2663164384443,453.9383144411815,234.16806319785044,0.06285810623502669,0.0003791036373709311,1.54630676739874e-05,0.7430259263347949,311,1.9820198815523327e-06,1.1178560299640594e-06,4,4.790932095488643e-07,0.009702852425164103
wave1,w100_data_s0,data,0,100,4,True,test,C,all,235.24245647151432,2192.830028219214,378.95897153464375,0.12049912811731844,0.001254789743139295,1.0232499209485191e-05,6.63368461363234,2793,1.9820198815523327e-06,1.9820198815523327e-06,32,5.807194725093723e-07,3.303541561407996
wave1,w100_data_s1,data,1,100,4,True,val,A,1-5GeV,768.6250927221822,25374.173984699548,919.398996572867,0.26953968932656996,0.12961614670934224,0.011550044106298925,25.804742523524773,350,0.0007444257531519227,0.002909424121233517,19,0.0028088209010346255,7173.877347743397
wave1,w100_data_s1,data,1,100,4,True,val,A,5-20GeV,234.64150722183263,3652.501839621682,340.45455512951173,0.10470932160908282,0.02897210831569075,0.00739791362809147,11.007220319043443,184,0.0007444257531519227,0.020400536357767507,9,0.0005096686157557428,2306.1250752016567
wave1,w100_data_s1,data,1,100,4,True,val,A,20-200GeV,169.0768748041836,1525.9112006757634,271.77819391024263,0.07352823512524112,0.03275277829138273,0.008499141560324237,15.481654977695825,98,0.0007444257531519227,0.0004550318470283865,4,0.0009147414785637409,436.5695393626081
wave1,w100_data_s1,data,1,100,4,True,val,A,all,395.5981220956186,13472.905417659313,625.9777566163207,0.1574099210126488,0.08529476511220316,0.008920568458610285,15.482794052115722,632,0.0007444257531519227,0.0007444257531519227,32,0.0012975941081627695,10095.745280850735
wave1,w100_data_s1,data,1,100,4,True,val,B,1-5GeV,2738.94918600854,44058.075991311525,3873.6739644321005,1.6069516752693636,0.00012300241317735755,4.4489712976999385e-06,1181464.7237645744,219,29.06626263219181,194.32988753253255,14,239.1203764747729,31863.319386796837
wave1,w100_data_s1,data,1,100,4,True,val,B,5-20GeV,730.3733706575315,10943.750920931718,1118.9948212122295,0.32756847335323885,0.00021460307035828564,3.3304991306454913e-06,360379.6349347898,268,29.06626263219181,18.868742882830247,13,23.771840872143457,312.6197581884921
wave1,w100_data_s1,data,1,100,4,True,val,B,20-200GeV,639.5047665494253,4537.871425748776,1013.1816712966372,0.38804940612263,0.0004133038970647975,1.3169289870521536e-05,104397.23230693299,94,29.06626263219181,8.451150669401386,5,6.659794481365111,77.86268877226932
wave1,w100_data_s1,data,1,100,4,True,val,B,all,1077.7957380750536,27229.1827095587,1719.5752011303398,0.6430767937691539,0.00021222326620645926,4.6746117933040476e-06,468725.43876780034,581,29.06626263219181,29.06626263219181,32,46.362551442712174,10372.636338919856
wave1,w100_data_s1,data,1,100,4,True,val,C,1-5GeV,415.89186328215266,3601.579002345247,659.1987164911997,0.1800455642102794,0.0021077555383500588,1.1077545887621436e-05,24.01565099967229,1541,1.9820198815523327e-06,2.8307738375588087e-06,18,6.750537906441423e-06,0.20163025035344614
wave1,w100_data_s1,data,1,100,4,True,val,C,5-20GeV,154.71417870911887,969.568735109462,291.28415645296,0.05926705131378829,0.0001106527529793271,9.725396896312964e-06,3.982292308535307,901,1.9820198815523327e-06,6.594778056978612e-07,10,1.7530226159578888e-06,0.14228742605375028
wave1,w100_data_s1,data,1,100,4,True,val,C,20-200GeV,99.97290839562734,556.454323371136,201.53651868912448,0.03809969158688302,7.389470706534045e-05,1.0467065572111314e-05,0.6156453043622001,314,1.9820198815523327e-06,1.1178560299640594e-06,4,4.790932095488643e-07,0.009702852425164103
wave1,w100_data_s1,data,1,100,4,True,val,C,all,266.681712452027,2321.5888826265145,450.12343268811605,0.10170367599316235,0.0012231322035741404,1.0350326600972223e-05,6.048405576626337,2756,1.9820198815523327e-06,1.9820198815523327e-06,32,5.807194725093723e-07,3.303541561407996
wave1,w100_data_s1,data,1,100,4,True,test,A,1-5GeV,713.3125104614671,26073.514726610687,1061.2042888372616,0.2677049073025357,0.12757490959066306,0.011770704157221458,31.11023947234115,324,0.0007444257531519227,0.002909424121233517,19,0.0028088209010346255,7173.877347743397
wave1,w100_data_s1,data,1,100,4,True,test,A,5-20GeV,251.14466237203104,4225.829803695458,347.2244201827467,0.09039212545617833,0.04531664486734324,0.00970152942712419,9.80516663159503,191,0.0007444257531519227,0.020400536357767507,9,0.0005096686157557428,2306.1250752016567
wave1,w100_data_s1,data,1,100,4,True,test,A,20-200GeV,129.74976517031777,1369.171027771289,253.26540091549222,0.05874118340273241,0.01400270858276594,0.008858206386417372,5.945399012586616,89,0.0007444257531519227,0.0004550318470283865,4,0.0009147414785637409,436.5695393626081
wave1,w100_data_s1,data,1,100,4,True,test,A,all,384.7744183834485,12509.131645216677,622.7385020182529,0.15242191400947208,0.08482779957103238,0.010021552612538268,10.945522383782214,604,0.0007444257531519227,0.0007444257531519227,32,0.0012975941081627695,10095.745280850735
wave1,w100_data_s1,data,1,100,4,True,test,B,1-5GeV,2801.9914679475733,42731.81171063721,3348.957588738017,1.3393572972579952,0.00020364466127610037,4.089632769933169e-06,1197127.786821343,191,29.06626263219181,194.32988753253255,14,239.1203764747729,31863.319386796837
wave1,w100_data_s1,data,1,100,4,True,test,B,5-20GeV,733.7193341685406,9687.467445886663,1136.40448826391,0.3597560477152152,4.5646428115725796e-05,3.10641267164561e-06,355193.23732396663,278,29.06626263219181,18.868742882830247,13,23.771840872143457,312.6197581884921
wave1,w100_data_s1,data,1,100,4,True,test,B,20-200GeV,433.35811079836617,2119.12458772295,747.725439665544,0.28187054961697,0.00018554157647487188,7.392030616974946e-06,104910.80409850382,95,29.06626263219181,8.451150669401386,5,6.659794481365111,77.86268877226932
wave1,w100_data_s1,data,1,100,4,True,test,B,all,933.283266795712,20127.43778121551,1584.7511741747269,0.48276154525093373,0.0001227168210727301,3.8315166352607845e-06,444074.60985912883,564,29.06626263219181,29.06626263219181,32,46.362551442712174,10372.636338919856
wave1,w100_data_s1,data,1,100,4,True,test,C,1-5GeV,403.4510805185292,3148.755590602876,664.590278795913,0.2040727340228421,0.002249551288362914,1.1180998867701206e-05,20.65045648123487,1625,1.9820198815523327e-06,2.8307738375588087e-06,18,6.750537906441423e-06,0.20163025035344614
wave1,w100_data_s1,data,1,100,4,True,test,C,5-20GeV,172.3370646355704,854.7991833146617,294.93295424020505,0.059035402414589315,0.00012618475113282597,1.0201266207395231e-05,4.010366603324655,857,1.9820198815523327e-06,6.594778056978612e-07,10,1.7530226159578888e-06,0.14228742605375028
wave1,w100_data_s1,data,1,100,4,True,test,C,20-200GeV,106.06977219066016,559.6927411843495,212.87273393269857,0.035172637759789405,9.264763969536095e-05,8.225169447404189e-06,0.7430259263347949,311,1.9820198815523327e-06,1.1178560299640594e-06,4,4.790932095488643e-07,0.009702852425164103
wave1,w100_data_s1,data,1,100,4,True,test,C,all,261.9172081449044,2352.5024923948536,452.8437711239235,0.10431057506534586,0.0013578498357521749,1.0254832004487907e-05,6.63368461363234,2793,1.9820198815523327e-06,1.9820198815523327e-06,32,5.807194725093723e-07,3.303541561407996
wave1,w100_data_s2,data,2,100,4,True,val,A,1-5GeV,501.0293678408222,20799.732378664034,790.3308064103273,0.3070179323468828,0.08451181891078985,0.0036874563610374,25.804742523524773,350,0.0007444257531519227,0.002909424121233517,19,0.0028088209010346255,7173.877347743397
wave1,w100_data_s2,data,2,100,4,True,val,A,5-20GeV,201.82194167172014,3139.818372679697,345.9400733968163,0.12175845783314815,0.023911776645917295,0.006403523187497215,11.007220319043443,184,0.0007444257531519227,0.020400536357767507,9,0.0005096686157557428,2306.1250752016567
wave1,w100_data_s2,data,2,100,4,True,val,A,20-200GeV,237.10693629978925,1828.7467935382915,279.58061485798277,0.12040498826914214,0.03871038047413872,0.008427953698936697,15.481654977695825,98,0.0007444257531519227,0.0004550318470283865,4,0.0009147414785637409,436.5695393626081
wave1,w100_data_s2,data,2,100,4,True,val,A,all,310.5373621575146,9794.708737217712,551.0190778304968,0.20227292298755084,0.05976664684824497,0.004920433744317579,15.482794052115722,632,0.0007444257531519227,0.0007444257531519227,32,0.0012975941081627695,10095.745280850735
wave1,w100_data_s2,data,2,100,4,True,val,B,1-5GeV,2491.489769699726,39110.508426474575,3503.1106742669635,1.32513159123121,0.0001782076906602638,3.3732418575396572e-06,1181464.7237645744,219,29.06626263219181,194.32988753253255,14,239.1203764747729,31863.319386796837
wave1,w100_data_s2,data,2,100,4,True,val,B,5-20GeV,600.7023457399328,10044.495465204307,965.1280343062609,0.3058865359485685,0.00023608606861969878,1.772273722795329e-06,360379.6349347898,268,29.06626263219181,18.868742882830247,13,23.771840872143457,312.6197581884921
wave1,w100_data_s2,data,2,100,4,True,val,B,20-200GeV,562.7291683526253,3630.8771301385564,926.3133590721343,0.2644258323078984,0.0006163230429527308,1.050317951788662e-05,104397.23230693299,94,29.06626263219181,8.451150669401386,5,6.659794481365111,77.86268877226932
wave1,w100_data_s2,data,2,100,4,True,val,B,all,968.425870123383,20853.075740081294,1591.6670212934036,0.43784513329237634,0.0002757881526372353,2.9507968984782206e-06,468725.43876780034,581,29.06626263219181,29.06626263219181,32,46.362551442712174,10372.636338919856
wave1,w100_data_s2,data,2,100,4,True,val,C,1-5GeV,299.26525012292694,2625.882542673139,564.7991199119815,0.23135424393411208,0.000980599723786994,6.104801411991483e-06,24.01565099967229,1541,1.9820198815523327e-06,2.8307738375588087e-06,18,6.750537906441423e-06,0.20163025035344614
wave1,w100_data_s2,data,2,100,4,True,val,C,5-20GeV,121.82607378298371,773.1363095875281,230.28823722404468,0.09366905204355458,0.00011972776594011166,5.204689552785883e-06,3.982292308535307,901,1.9820198815523327e-06,6.594778056978612e-07,10,1.7530226159578888e-06,0.14228742605375028
wave1,w100_data_s2,data,2,100,4,True,val,C,20-200GeV,95.06385528480376,383.5330376508007,175.16700724413738,0.05062768040537541,9.488868757349174e-05,2.351359795161194e-05,0.6156453043622001,314,1.9820198815523327e-06,1.1178560299640594e-06,4,4.790932095488643e-07,0.009702852425164103
wave1,w100_data_s2,data,2,100,4,True,val,C,all,175.3124355278306,2020.6876973948765,370.2049655822716,0.14334570745501082,0.0005982488894651215,6.8532015313177284e-06,6.048405576626337,2756,1.9820198815523327e-06,1.9820198815523327e-06,32,5.807194725093723e-07,3.303541561407996
wave1,w100_data_s2,data,2,100,4,True,test,A,1-5GeV,548.6060270005098,22681.140451725896,846.5084090535338,0.33642610482243973,0.0910013435468086,0.004181844985310962,31.11023947234115,324,0.0007444257531519227,0.002909424121233517,19,0.0028088209010346255,7173.877347743397
wave1,w100_data_s2,data,2,100,4,True,test,A,5-20GeV,203.93710025439827,4443.580521493914,352.6550807213511,0.11840897849743626,0.03828786804330076,0.004609039234141759,9.80516663159503,191,0.0007444257531519227,0.020400536357767507,9,0.0005096686157557428,2306.1250752016567
wave1,w100_data_s2,data,2,100,4,True,test,A,20-200GeV,173.4240666645378,1262.3419398704755,257.53902338454446,0.07650066354299156,0.021003687227762833,0.010258134646864585,5.945399012586616,89,0.0007444257531519227,0.0004550318470283865,4,0.0009147414785637409,436.5695393626081
wave1,w100_data_s2,data,2,100,4,True,test,A,all,294.5872648497457,10172.572078526764,533.9737479554628,0.21687896959801753,0.06401779183560814,0.005278534985330515,10.945522383782214,604,0.0007444257531519227,0.0007444257531519227,32,0.0012975941081627695,10095.745280850735
wave1,w100_data_s2,data,2,100,4,True,test,B,1-5GeV,2285.2429753772867,35927.22346170524,3197.516374990755,1.2090456174521647,0.0001119405764595402,2.963401219103293e-06,1197127.786821343,191,29.06626263219181,194.32988753253255,14,239.1203764747729,31863.319386796837
wave1,w100_data_s2,data,2,100,4,True,test,B,5-20GeV,689.7307365358643,6131.968274257527,1004.2966773081332,0.31304357374449876,2.9941883542735e-05,1.8292549922676838e-06,355193.23732396663,278,29.06626263219181,18.868742882830247,13,23.771840872143457,312.6197581884921
wave1,w100_data_s2,data,2,100,4,True,test,B,20-200GeV,503.0005537753368,2727.49718870666,750.0375793129876,0.14076924021209566,0.00020681595720781229,8.046026935689833e-06,104910.80409850382,95,29.06626263219181,8.451150669401386,5,6.659794481365111,77.86268877226932
wave1,w100_data_s2,data,2,100,4,True,test,B,all,868.5317601025347,18394.825563886494,1348.6606368743708,0.3958252796563144,8.75035632329693e-05,2.8234191920386456e-06,444074.60985912883,564,29.06626263219181,29.06626263219181,32,46.362551442712174,10372.636338919856
wave1,w100_data_s2,data,2,100,4,True,test,C,1-5GeV,306.2708636352749,2807.7016955868653,574.0997491996609,0.24339330719311963,0.0023595822559452297,7.747021483733135e-06,20.65045648123487,1625,1.9820198815523327e-06,2.8307738375588087e-06,18,6.750537906441423e-06,0.20163025035344614
wave1,w100_data_s2,data,2,100,4,True,test,C,5-20GeV,122.10115342516303,731.3399021358676,216.20691785722101,0.09711632138698079,6.675401797089657e-05,4.671857584752042e-06,4.010366603324655,857,1.9820198815523327e-06,6.594778056978612e-07,10,1.7530226159578888e-06,0.14228742605375028
wave1,w100_data_s2,data,2,100,4,True,test,C,20-200GeV,89.41699813815495,377.3557892217383,179.2568279868956,0.05000948486367021,0.00013460227956499433,1.5246436870754422e-05,0.7430259263347949,311,1.9820198815523327e-06,1.1178560299640594e-06,4,4.790932095488643e-07,0.009702852425164103
wave1,w100_data_s2,data,2,100,4,True,test,C,all,178.1698996921932,1869.9057053655586,373.39536783478525,0.14869914000682424,0.001408303139368697,7.406509372913047e-06,6.63368461363234,2793,1.9820198815523327e-06,1.9820198815523327e-06,32,5.807194725093723e-07,3.303541561407996
wave1,w100_physics_s0,physics,0,100,4,True,val,A,1-5GeV,568.4809827530171,55060.45824910728,992.9467727330166,0.2771095039553646,0.1165623357506437,0.01441394160420335,25.804742523524773,350,0.0007444257531519227,0.002909424121233517,19,0.0028088209010346255,7173.877347743397
wave1,w100_physics_s0,physics,0,100,4,True,val,A,5-20GeV,252.17533085089195,6249.455900562945,367.99852046472563,0.1179814831428986,0.029278102059850545,0.00793295960132732,11.007220319043443,184,0.0007444257531519227,0.020400536357767507,9,0.0005096686157557428,2306.1250752016567
wave1,w100_physics_s0,physics,0,100,4,True,val,A,20-200GeV,197.74640243417872,3315.2248630199338,314.31850874251444,0.08739005766189362,0.03181642630102421,0.015274602436393819,15.481654977695825,98,0.0007444257531519227,0.0004550318470283865,4,0.0009147414785637409,436.5695393626081
wave1,w100_physics_s0,physics,0,100,4,True,val,A,all,397.0586698097177,26065.69090766496,594.1543816236228,0.18674000134811553,0.07800949061588319,0.011788849199380304,15.482794052115722,632,0.0007444257531519227,0.0007444257531519227,32,0.0012975941081627695,10095.745280850735
wave1,w100_physics_s0,physics,0,100,4,True,val,B,1-5GeV,6300.419452544929,74264.05978355359,8018.738121404567,3.4380691126455476,0.00034049839587847145,2.6549096105030576e-05,1181464.7237645744,219,29.06626263219181,194.32988753253255,14,239.1203764747729,31863.319386796837
wave1,w100_physics_s0,physics,0,100,4,True,val,B,5-20GeV,2283.5118999375013,31436.770553796345,2747.751721684949,0.6663060991297722,0.0005556879918751676,2.4077857731450312e-05,360379.6349347898,268,29.06626263219181,18.868742882830247,13,23.771840872143457,312.6197581884921
wave1,w100_physics_s0,physics,0,100,4,True,val,B,20-200GeV,1712.07011035888,15746.10479766962,1843.6170636717293,0.6632602767705984,0.010227393499218652,6.452040218249603e-05,104397.23230693299,94,29.06626263219181,8.451150669401386,5,6.659794481365111,77.86268877226932
wave1,w100_physics_s0,physics,0,100,4,True,val,B,all,3235.179560663312,48595.76447924212,3696.051850016147,1.0433565837629846,0.0020393606186686463,2.7422738166389487e-05,468725.43876780034,581,29.06626263219181,29.06626263219181,32,46.362551442712174,10372.636338919856
wave1,w100_physics_s0,physics,0,100,4,True,val,C,1-5GeV,410.4590799453938,3531.7157604845306,742.0399490990128,0.2608513034610127,0.0012654042496674917,1.2923675844281799e-05,24.01565099967229,1541,1.9820198815523327e-06,2.8307738375588087e-06,18,6.750537906441423e-06,0.20163025035344614
wave1,w100_physics_s0,physics,0,100,4,True,val,C,5-20GeV,177.42984174694598,1134.0428595271987,289.8598804897574,0.08915802952290386,0.0001466908724353669,1.5062141958014736e-05,3.982292308535307,901,1.9820198815523327e-06,6.594778056978612e-07,10,1.7530226159578888e-06,0.14228742605375028
wave1,w100_physics_s0,physics,0,100,4,True,val,C,20-200GeV,157.776698545937,483.69547230884075,234.70102961960148,0.07700403218321084,0.0002996378213685114,6.440200246651652e-05,0.6156453043622001,314,1.9820198815523327e-06,1.1178560299640594e-06,4,4.790932095488643e-07,0.009702852425164103
wave1,w100_physics_s0,physics,0,100,4,True,val,C,all,260.3988138392417,2553.6287099912724,463.86243500695736,0.14506062855920276,0.0007896381352364235,1.5464183611963365e-05,6.048405576626337,2756,1.9820198815523327e-06,1.9820198815523327e-06,32,5.807194725093723e-07,3.303541561407996
wave1,w100_physics_s0,physics,0,100,4,True,test,A,1-5GeV,612.5692057709939,74973.17503778332,1040.1786857685374,0.3174136819277702,0.1135335258550908,0.012896244590862202,31.11023947234115,324,0.0007444257531519227,0.002909424121233517,19,0.0028088209010346255,7173.877347743397
wave1,w100_physics_s0,physics,0,100,4,True,test,A,5-20GeV,245.08595324175852,9866.476014752949,358.7547839434689,0.11841644051161643,0.034626099378238885,0.01022656375319317,9.80516663159503,191,0.0007444257531519227,0.020400536357767507,9,0.0005096686157557428,2306.1250752016567
wave1,w100_physics_s0,physics,0,100,4,True,test,A,20-200GeV,188.15044392596639,2092.7788840774942,294.61538882907587,0.07485603709015591,0.022538619115342644,0.018958896041242856,5.945399012586616,89,0.0007444257531519227,0.0004550318470283865,4,0.0009147414785637409,436.5695393626081
wave1,w100_physics_s0,physics,0,100,4,True,test,A,all,375.23333908996096,32106.87265589121,558.36223543554,0.16859546483895782,0.0751728219529115,0.012898164876630078,10.945522383782214,604,0.0007444257531519227,0.0007444257531519227,32,0.0012975941081627695,10095.745280850735
wave1,w100_physics_s0,physics,0,100,4,True,test,B,1-5GeV,6499.947691437683,90808.00301002114,8224.852463154548,2.725315831997616,0.0006455124137004661,1.9577122942499465e-05,1197127.786821343,191,29.06626263219181,194.32988753253255,14,239.1203764747729,31863.319386796837
wave1,w100_physics_s0,physics,0,100,4,True,test,B,5-20GeV,2466.601178487281,22662.035797974568,2754.897486969725,0.7850413629449382,0.0005151940505921434,2.8045400116887952e-05,355193.23732396663,278,29.06626263219181,18.868742882830247,13,23.771840872143457,312.6197581884921
wave1,w100_physics_s0,physics,0,100,4,True,test,B,20-200GeV,1065.5158733032836,6035.323220085267,1548.6504886644354,0.5361499286841561,0.0016909035686671577,5.170977938071281e-05,104910.80409850382,95,29.06626263219181,8.451150669401386,5,6.659794481365111,77.86268877226932
wave1,w100_physics_s0,physics,0,100,4,True,test,B,all,2876.051665120912,43842.760469137196,3593.101083458464,0.9888610045763815,0.0007573628654340158,2.7256940875937533e-05,444074.60985912883,564,29.06626263219181,29.06626263219181,32,46.362551442712174,10372.636338919856
wave1,w100_physics_s0,physics,0,100,4,True,test,C,1-5GeV,399.47171606643826,3679.996836978929,742.9915966199942,0.25823581941641915,0.0016067547785692834,1.2187130344775114e-05,20.65045648123487,1625,1.9820198815523327e-06,2.8307738375588087e-06,18,6.750537906441423e-06,0.20163025035344614
wave1,w100_physics_s0,physics,0,100,4,True,test,C,5-20GeV,172.5315109431964,1252.5636443000167,283.1916673254966,0.09023218447940483,0.0001583883637515856,1.2015146315842984e-05,4.010366603324655,857,1.9820198815523327e-06,6.594778056978612e-07,10,1.7530226159578888e-06,0.14228742605375028
wave1,w100_physics_s0,physics,0,100,4,True,test,C,20-200GeV,155.64279916707235,528.9577928121289,221.90685142808775,0.07999777620478626,0.0004266775379532057,7.158741051469092e-05,0.7430259263347949,311,1.9820198815523327e-06,1.1178560299640594e-06,4,4.790932095488643e-07,0.009702852425164103
wave1,w100_physics_s0,physics,0,100,4,True,test,C,all,253.2295868861425,2756.831717095509,456.2798065855178,0.15553436224685288,0.0010309387959948591,1.34110671118069e-05,6.63368461363234,2793,1.9820198815523327e-06,1.9820198815523327e-06,32,5.807194725093723e-07,3.303541561407996
wave1,w100_physics_s1,physics,1,100,4,True,val,A,1-5GeV,571.4680757902289,68475.20245989646,1077.5047502886305,0.2851253788880832,0.09673999177105701,0.005444569161019047,25.804742523524773,350,0.0007444257531519227,0.002909424121233517,19,0.0028088209010346255,7173.877347743397
wave1,w100_physics_s1,physics,1,100,4,True,val,A,5-20GeV,135.4433797184319,9244.433426747211,312.986487641721,0.10943633270442009,0.023417007980015413,0.004270587073616659,11.007220319043443,184,0.0007444257531519227,0.020400536357767507,9,0.0005096686157557428,2306.1250752016567
wave1,w100_physics_s1,physics,1,100,4,True,val,A,20-200GeV,260.0931166247659,6575.349510025345,430.1772766477714,0.13386718841107254,0.05472684667247308,0.01125897495916711,15.481654977695825,98,0.0007444257531519227,0.0004550318470283865,4,0.0009147414785637409,436.5695393626081
wave1,w100_physics_s1,physics,1,100,4,True,val,A,all,294.75204113820234,37631.092141894005,594.3633765815562,0.17706826577164803,0.0688780974083784,0.005214774889396241,15.482794052115722,632,0.0007444257531519227,0.0007444257531519227,32,0.0012975941081627695,10095.745280850735
wave1,w100_physics_s1,physics,1,100,4,True,val,B,1-5GeV,7937.750424078558,80520.98420419803,10216.84941507101,3.182739594426165,0.0003419864405954627,2.4471764172439286e-05,1181464.7237645744,219,29.06626263219181,194.32988753253255,14,239.1203764747729,31863.319386796837
wave1,w100_physics_s1,physics,1,100,4,True,val,B,5-20GeV,2045.904216780727,43000.356166689824,2430.227737206849,0.9365414019890921,0.0008895316556104432,1.987989817946141e-05,360379.6349347898,268,29.06626263219181,18.868742882830247,13,23.771840872143457,312.6197581884921
wave1,w100_physics_s1,physics,1,100,4,True,val,B,20-200GeV,1796.7900545738296,15126.815171785951,2109.2357692503365,0.6537021521919517,0.008834786797192082,8.49423569359697e-05,104397.23230693299,94,29.06626263219181,8.451150669401386,5,6.659794481365111,77.86268877226932
wave1,w100_physics_s1,physics,1,100,4,True,val,B,all,2815.847714122313,51080.16878905329,3669.5547490157596,1.3000679588368313,0.001968604945146404,2.6792210525132853e-05,468725.43876780034,581,29.06626263219181,29.06626263219181,32,46.362551442712174,10372.636338919856
wave1,w100_physics_s1,physics,1,100,4,True,val,C,1-5GeV,420.1170509144845,3873.7552810757734,786.1765430379819,0.23810753029424037,0.002205639946374653,1.0895886123802304e-05,24.01565099967229,1541,1.9820198815523327e-06,2.8307738375588087e-06,18,6.750537906441423e-06,0.20163025035344614
wave1,w100_physics_s1,physics,1,100,4,True,val,C,5-20GeV,137.45986692474554,1366.3827863210827,377.1514141634569,0.09186246466178632,9.726560942413279e-05,8.039718863897356e-06,3.982292308535307,901,1.9820198815523327e-06,6.594778056978612e-07,10,1.7530226159578888e-06,0.14228742605375028
wave1,w100_physics_s1,physics,1,100,4,True,val,C,20-200GeV,107.6315881568437,491.6411424056158,201.35398837779528,0.06759817092823109,0.00022045965284038746,4.181265939471748e-05,0.6156453043622001,314,1.9820198815523327e-06,1.1178560299640594e-06,4,4.790932095488643e-07,0.009702852425164103
wave1,w100_physics_s1,physics,1,100,4,True,val,C,all,244.361503535103,2847.468181356078,554.0931338989235,0.14550834846150176,0.0012901857048063733,1.1251800271185678e-05,6.048405576626337,2756,1.9820198815523327e-06,1.9820198815523327e-06,32,5.807194725093723e-07,3.303541561407996
wave1,w100_physics_s1,physics,1,100,4,True,test,A,1-5GeV,701.8478911198195,88611.52104292069,1157.3301267114075,0.29387878847867643,0.11381646965826946,0.005748943443771826,31.11023947234115,324,0.0007444257531519227,0.002909424121233517,19,0.0028088209010346255,7173.877347743397
wave1,w100_physics_s1,physics,1,100,4,True,test,A,5-20GeV,118.77709995268427,13936.003228689999,294.85596298966544,0.1115830667739598,0.024142788724369275,0.0048087759333999905,9.80516663159503,191,0.0007444257531519227,0.020400536357767507,9,0.0005096686157557428,2306.1250752016567
wave1,w100_physics_s1,physics,1,100,4,True,test,A,20-200GeV,154.26429573919842,5232.552598461378,299.6648505873187,0.12007290917510557,0.020435011018830995,0.009456931250882985,5.945399012586616,89,0.0007444257531519227,0.0004550318470283865,4,0.0009147414785637409,436.5695393626081
wave1,w100_physics_s1,physics,1,100,4,True,test,A,all,285.55863277826,30707.04662212785,599.7321019361116,0.16616841052114004,0.0716995443647513,0.005882999482548355,10.945522383782214,604,0.0007444257531519227,0.0007444257531519227,32,0.0012975941081627695,10095.745280850735
wave1,w100_physics_s1,physics,1,100,4,True,test,B,1-5GeV,5660.19651560903,84494.59978464563,8622.918734946212,2.8593934277172384,0.0003226948205590599,1.9100308663168992e-05,1197127.786821343,191,29.06626263219181,194.32988753253255,14,239.1203764747729,31863.319386796837
wave1,w100_physics_s1,physics,1,100,4,True,test,B,5-20GeV,2124.5969369491036,23204.209964404854,2600.8699607590734,0.920542673415875,0.0008674126797277905,2.2631536740750794e-05,355193.23732396663,278,29.06626263219181,18.868742882830247,13,23.771840872143457,312.6197581884921
wave1,w100_physics_s1,physics,1,100,4,True,test,B,20-200GeV,1324.6040285365766,7747.3735300949475,1669.3444593267727,0.4627673374671126,0.001558821580702756,4.139129622473949e-05,104910.80409850382,95,29.06626263219181,8.451150669401386,5,6.659794481365111,77.86268877226932
wave1,w100_physics_s1,physics,1,100,4,True,test,B,all,2422.4780650410194,41642.84331586386,3193.43817868031,1.0772248385577943,0.0007994033437196241,2.4330912054021648e-05,444074.60985912883,564,29.06626263219181,29.06626263219181,32,46.362551442712174,10372.636338919856
wave1,w100_physics_s1,physics,1,100,4,True,test,C,1-5GeV,441.07080351057084,3970.6626191242995,784.8371094028153,0.25104678314824547,0.003420415736918412,1.1578912675427313e-05,20.65045648123487,1625,1.9820198815523327e-06,2.8307738375588087e-06,18,6.750537906441423e-06,0.20163025035344614
wave1,w100_physics_s1,physics,1,100,4,True,test,C,5-20GeV,139.92759591478256,1225.96077375449,352.6794867937042,0.0941813253891588,9.729098260250702e-05,1.0010064666624387e-05,4.010366603324655,857,1.9820198815523327e-06,6.594778056978612e-07,10,1.7530226159578888e-06,0.14228742605375028
wave1,w100_physics_s1,physics,1,100,4,True,test,C,20-200GeV,112.70774354853863,474.1484768454277,215.5310871597207,0.06995899992376461,0.0003437623828361722,3.2762469475332425e-05,0.7430259263347949,311,1.9820198815523327e-06,1.1178560299640594e-06,4,4.790932095488643e-07,0.009702852425164103
wave1,w100_physics_s1,physics,1,100,4,True,test,C,all,252.27336502595676,2903.138156183788,548.165115296051,0.15166145671779985,0.002058168294180028,1.2070106031241438e-05,6.63368461363234,2793,1.9820198815523327e-06,1.9820198815523327e-06,32,5.807194725093723e-07,3.303541561407996
wave1,w100_physics_s2,physics,2,100,4,True,val,A,1-5GeV,550.4157543666171,74191.89272831238,1081.419500956123,0.2520146741092008,0.11693743192054393,0.00832763008425769,25.804742523524773,350,0.0007444257531519227,0.002909424121233517,19,0.0028088209010346255,7173.877347743397
wave1,w100_physics_s2,physics,2,100,4,True,val,A,5-20GeV,202.52766039812843,12209.669540207855,399.7012557129286,0.17839526687022778,0.02620348080156476,0.004273886921548751,11.007220319043443,184,0.0007444257531519227,0.020400536357767507,9,0.0005096686157557428,2306.1250752016567
wave1,w100_physics_s2,physics,2,100,4,True,val,A,20-200GeV,184.2371462814226,5068.925832264814,384.66147156732063,0.12453164091312921,0.04689317864687415,0.004383124912750837,15.481654977695825,98,0.0007444257531519227,0.0004550318470283865,4,0.0009147414785637409,436.5695393626081
wave1,w100_physics_s2,physics,2,100,4,True,val,A,all,376.50219382122134,27402.573730426735,753.1668623291904,0.18855267918618585,0.0796599258656202,0.0051036174001594025,15.482794052115722,632,0.0007444257531519227,0.0007444257531519227,32,0.0012975941081627695,10095.745280850735
wave1,w100_physics_s2,physics,2,100,4,True,val,B,1-5GeV,6571.102628182189,57353.829133955864,8769.164362887523,3.180762494267797,0.0003146062275635508,1.9768634502800826e-05,1181464.7237645744,219,29.06626263219181,194.32988753253255,14,239.1203764747729,31863.319386796837
wave1,w100_physics_s2,physics,2,100,4,True,val,B,5-20GeV,2098.449092455702,38123.10339891269,2816.100378839078,0.7960313455657662,0.0008131877825084208,1.8398747577951192e-05,360379.6349347898,268,29.06626263219181,18.868742882830247,13,23.771840872143457,312.6197581884921
wave1,w100_physics_s2,physics,2,100,4,True,val,B,20-200GeV,1869.1969924770326,17759.528413721397,2378.7927162368233,0.5762213723435203,0.009130951938141918,9.593213310285506e-05,104397.23230693299,94,29.06626263219181,8.451150669401386,5,6.659794481365111,77.86268877226932
wave1,w100_physics_s2,physics,2,100,4,True,val,B,all,2873.527313664951,47566.69460801368,4106.201388357064,1.2254830083409662,0.0019709854935180977,2.3560950841384556e-05,468725.43876780034,581,29.06626263219181,29.06626263219181,32,46.362551442712174,10372.636338919856
wave1,w100_physics_s2,physics,2,100,4,True,val,C,1-5GeV,436.70633631427336,3639.7173749149943,799.042115746488,0.276688547912074,0.0012137580502454056,1.457570489263315e-05,24.01565099967229,1541,1.9820198815523327e-06,2.8307738375588087e-06,18,6.750537906441423e-06,0.20163025035344614
wave1,w100_physics_s2,physics,2,100,4,True,val,C,5-20GeV,173.46522687613586,1351.3883943267047,347.6748580370099,0.11384807234533778,0.00012356748654995643,8.15673265501853e-06,3.982292308535307,901,1.9820198815523327e-06,6.594778056978612e-07,10,1.7530226159578888e-06,0.14228742605375028
wave1,w100_physics_s2,physics,2,100,4,True,val,C,20-200GeV,104.9345138420561,659.9987999447785,167.5033540447397,0.1071119205519602,0.00016071563495047688,2.064873064499623e-05,0.6156453043622001,314,1.9820198815523327e-06,1.1178560299640594e-06,4,4.790932095488643e-07,0.009702852425164103
wave1,w100_physics_s2,physics,2,100,4,True,val,C,all,279.2376359394808,2618.867008092522,537.366751621553,0.162563631486215,0.0007373730661045466,1.173459586086136e-05,6.048405576626337,2756,1.9820198815523327e-06,1.9820198815523327e-06,32,5.807194725093723e-07,3.303541561407996
wave1,w100_physics_s2,physics,2,100,4,True,test,A,1-5GeV,702.031433275219,72790.68987945556,1275.1607103395534,0.26932405367094403,0.12441978294244287,0.00952459834450084,31.11023947234115,324,0.0007444257531519227,0.002909424121233517,19,0.0028088209010346255,7173.877347743397
wave1,w100_physics_s2,physics,2,100,4,True,test,A,5-20GeV,219.4110652130715,18992.430178809198,378.8987945279792,0.147471908735302,0.0342138706075841,0.005902988216668479,9.80516663159503,191,0.0007444257531519227,0.020400536357767507,9,0.0005096686157557428,2306.1250752016567
wave1,w100_physics_s2,physics,2,100,4,True,test,A,20-200GeV,165.58042294619037,2694.890159028068,310.8785876201825,0.11324773087363757,0.029580136620964592,0.009278595823048685,5.945399012586616,89,0.0007444257531519227,0.0004550318470283865,4,0.0009147414785637409,436.5695393626081
wave1,w100_physics_s2,physics,2,100,4,True,test,A,all,385.6425107545245,30679.6845021881,721.9857442735808,0.17103366564790845,0.08191968728255944,0.006958372868687453,10.945522383782214,604,0.0007444257531519227,0.0007444257531519227,32,0.0012975941081627695,10095.745280850735
wave1,w100_physics_s2,physics,2,100,4,True,test,B,1-5GeV,6011.202637785118,68346.5155896431,8503.223621468123,3.137513608108031,0.00019768433199369385,1.7532199852270262e-05,1197127.786821343,191,29.06626263219181,194.32988753253255,14,239.1203764747729,31863.319386796837
wave1,w100_physics_s2,physics,2,100,4,True,test,B,5-20GeV,1992.8169903384116,26144.342957333407,2998.814085664577,0.8302032052373198,0.0005859665480743286,1.7598389527191457e-05,355193.23732396663,278,29.06626263219181,18.868742882830247,13,23.771840872143457,312.6197581884921
wave1,w100_physics_s2,physics,2,100,4,True,test,B,20-200GeV,1416.0333173590375,7419.7018041453575,1617.1494147526319,0.3929351536834935,0.0009710928765446598,7.487405674064245e-05,104910.80409850382,95,29.06626263219181,8.451150669401386,5,6.659794481365111,77.86268877226932
wave1,w100_physics_s2,physics,2,100,4,True,test,B,all,2371.4967122422477,39563.450346576894,3618.7119238029763,1.0260318568190498,0.0005193443812893645,2.1571620365651814e-05,444074.60985912883,564,29.06626263219181,29.06626263219181,32,46.362551442712174,10372.636338919856
wave1,w100_physics_s2,physics,2,100,4,True,test,C,1-5GeV,475.9414749987627,3916.501428642606,776.5619830617965,0.2852866608004656,0.0032915739485989597,1.7525168854408584e-05,20.65045648123487,1625,1.9820198815523327e-06,2.8307738375588087e-06,18,6.750537906441423e-06,0.20163025035344614
wave1,w100_physics_s2,physics,2,100,4,True,test,C,5-20GeV,180.00988632195458,1205.5768214129134,337.26183243297214,0.11876702828269009,0.0001414599094328252,8.314452163070404e-06,4.010366603324655,857,1.9820198815523327e-06,6.594778056978612e-07,10,1.7530226159578888e-06,0.14228742605375028
wave1,w100_physics_s2,physics,2,100,4,True,test,C,20-200GeV,96.43938770733129,679.3038184560503,191.11018229161124,0.10691990604642931,0.0004590944291830814,2.2192292241723873e-05,0.7430259263347949,311,1.9820198815523327e-06,1.1178560299640594e-06,4,4.790932095488643e-07,0.009702852425164103
wave1,w100_physics_s2,physics,2,100,4,True,test,C,all,319.5847627756123,2748.3941172825826,539.1199491756566,0.169333758219958,0.002009601566893369,1.401135018575826e-05,6.63368461363234,2793,1.9820198815523327e-06,1.9820198815523327e-06,32,5.807194725093723e-07,3.303541561407996
wave1,w100_physics_s3,physics,3,100,4,True,val,A,1-5GeV,601.7702069778832,79321.71169297653,1368.4740391565765,0.28761338260827746,0.12998974531927332,0.017741747698657682,25.804742523524773,350,0.0007444257531519227,0.002909424121233517,19,0.0028088209010346255,7173.877347743397
wave1,w100_physics_s3,physics,3,100,4,True,val,A,5-20GeV,368.92066026184557,9877.571822972965,528.9463866546148,0.07218930036435389,0.08532665098417475,0.04201686477120255,11.007220319043443,184,0.0007444257531519227,0.020400536357767507,9,0.0005096686157557428,2306.1250752016567
wave1,w100_physics_s3,physics,3,100,4,True,val,A,20-200GeV,572.1288757809609,4886.985636263881,726.4844524709279,0.07260313465494353,0.1634955051357722,0.13985163140337736,15.481654977695825,98,0.0007444257531519227,0.0004550318470283865,4,0.0009147414785637409,436.5695393626081
wave1,w100_physics_s3,physics,3,100,4,True,val,A,all,516.3703751982478,32139.725557848873,885.7210032735916,0.15275755053495085,0.12218207934515742,0.03326242479519161,15.482794052115722,632,0.0007444257531519227,0.0007444257531519227,32,0.0012975941081627695,10095.745280850735
wave1,w100_physics_s3,physics,3,100,4,True,val,B,1-5GeV,8017.641460722189,68244.30433884068,11514.74270133258,3.2579024537140455,0.0004149908522550478,2.9746230664383142e-05,1181464.7237645744,219,29.06626263219181,194.32988753253255,14,239.1203764747729,31863.319386796837
wave1,w100_physics_s3,physics,3,100,4,True,val,B,5-20GeV,2091.6334318405916,38199.48973653529,2953.739156808633,1.1237484742747106,0.0007887852319472025,1.9173999472162823e-05,360379.6349347898,268,29.06626263219181,18.868742882830247,13,23.771840872143457,312.6197581884921
wave1,w100_physics_s3,physics,3,100,4,True,val,B,20-200GeV,1721.1434422312664,13742.944425999718,2524.297728664223,0.8125467077552077,0.0064765604152891175,0.00011039406875762229,104397.23230693299,94,29.06626263219181,8.451150669401386,5,6.659794481365111,77.86268877226932
wave1,w100_physics_s3,physics,3,100,4,True,val,B,all,3070.096510072858,50138.146764980775,4554.8064896007645,1.433955015411499,0.0015681138000738085,2.7093597340684752e-05,468725.43876780034,581,29.06626263219181,29.06626263219181,32,46.362551442712174,10372.636338919856
wave1,w100_physics_s3,physics,3,100,4,True,val,C,1-5GeV,478.86728471327444,4094.188902585529,947.3688688747757,0.28734043609164595,0.0013924812847304984,1.5416362229322634e-05,24.01565099967229,1541,1.9820198815523327e-06,2.8307738375588087e-06,18,6.750537906441423e-06,0.20163025035344614
wave1,w100_physics_s3,physics,3,100,4,True,val,C,5-20GeV,201.79960076532842,1185.6029603109164,444.3609649854636,0.10230773938652016,0.0002537544636361543,1.5907928235906442e-05,3.982292308535307,901,1.9820198815523327e-06,6.594778056978612e-07,10,1.7530226159578888e-06,0.14228742605375028
wave1,w100_physics_s3,physics,3,100,4,True,val,C,20-200GeV,141.3218072545419,474.48072694834,292.44969700013536,0.08346194998015526,0.0002628871442790567,5.793594185824002e-05,0.6156453043622001,314,1.9820198815523327e-06,1.1178560299640594e-06,4,4.790932095488643e-07,0.009702852425164103
wave1,w100_physics_s3,physics,3,100,4,True,val,C,all,312.0173664407275,2795.6545520226523,667.3422209819964,0.16031325867332238,0.0008915068921660002,1.7937277422540467e-05,6.048405576626337,2756,1.9820198815523327e-06,1.9820198815523327e-06,32,5.807194725093723e-07,3.303541561407996
wave1,w100_physics_s3,physics,3,100,4,True,test,A,1-5GeV,796.5912236365468,71235.40331067472,1546.879492243378,0.2897143706846999,0.1425871014276495,0.014091207216506764,31.11023947234115,324,0.0007444257531519227,0.002909424121233517,19,0.0028088209010346255,7173.877347743397
wave1,w100_physics_s3,physics,3,100,4,True,test,A,5-20GeV,366.0637418984922,11626.493855960576,488.746495855265,0.0758337624926636,0.08876122346787865,0.041601162103492316,9.80516663159503,191,0.0007444257531519227,0.020400536357767507,9,0.0005096686157557428,2306.1250752016567
wave1,w100_physics_s3,physics,3,100,4,True,test,A,20-200GeV,438.8017558733518,3887.514831529386,604.5635711272777,0.06415048353237626,0.1380263081454018,0.11218220820933247,5.945399012586616,89,0.0007444257531519227,0.0004550318470283865,4,0.0009147414785637409,436.5695393626081
wave1,w100_physics_s3,physics,3,100,4,True,test,A,all,537.7991653273326,34548.261209593904,884.1866163869825,0.13056361324551707,0.1248939668375232,0.035102681191457395,10.945522383782214,604,0.0007444257531519227,0.0007444257531519227,32,0.0012975941081627695,10095.745280850735
wave1,w100_physics_s3,physics,3,100,4,True,test,B,1-5GeV,8696.703384379134,117262.18211543244,11208.083522654306,3.1918306720429834,0.0003718602329302767,3.212540617492628e-05,1197127.786821343,191,29.06626263219181,194.32988753253255,14,239.1203764747729,31863.319386796837
wave1,w100_physics_s3,physics,3,100,4,True,test,B,5-20GeV,2661.578705245418,24485.89908811718,3233.5167128630073,1.1303954788366677,0.0005563569137472761,2.2000886919571578e-05,355193.23732396663,278,29.06626263219181,18.868742882830247,13,23.771840872143457,312.6197581884921
wave1,w100_physics_s3,physics,3,100,4,True,test,B,20-200GeV,1503.2173828393952,7113.623332131734,1877.4004483493627,0.46811178068053083,0.0009860005206573416,5.5213807410199614e-05,104910.80409850382,95,29.06626263219181,8.451150669401386,5,6.659794481365111,77.86268877226932
wave1,w100_physics_s3,physics,3,100,4,True,test,B,all,3152.3581463048204,49276.518744866866,4168.6272629757395,1.2426338136945492,0.0005662457020813352,3.208552748635572e-05,444074.60985912883,564,29.06626263219181,29.06626263219181,32,46.362551442712174,10372.636338919856
wave1,w100_physics_s3,physics,3,100,4,True,test,C,1-5GeV,473.1888878554784,3971.1980615261373,944.5967096738457,0.2768065869996894,0.0018402342366556014,1.656144994130429e-05,20.65045648123487,1625,1.9820198815523327e-06,2.8307738375588087e-06,18,6.750537906441423e-06,0.20163025035344614
wave1,w100_physics_s3,physics,3,100,4,True,test,C,5-20GeV,206.86451438500254,1116.6736181413148,434.1353971787205,0.09317341573750193,0.00020492294351652604,1.3872927306611877e-05,4.010366603324655,857,1.9820198815523327e-06,6.594778056978612e-07,10,1.7530226159578888e-06,0.14228742605375028
wave1,w100_physics_s3,physics,3,100,4,True,test,C,20-200GeV,140.79994347583468,705.995557297312,285.92082846412484,0.08083677567748832,0.00040105473979629055,5.5741804472755095e-05,0.7430259263347949,311,1.9820198815523327e-06,1.1178560299640594e-06,4,4.790932095488643e-07,0.009702852425164103
wave1,w100_physics_s3,physics,3,100,4,True,test,C,all,303.2384203586522,2906.4805943125443,663.6173115989266,0.15759929152257823,0.001178205378172453,1.851367965978488e-05,6.63368461363234,2793,1.9820198815523327e-06,1.9820198815523327e-06,32,5.807194725093723e-07,3.303541561407996
wave1,w100_physics_s4,physics,4,100,4,True,val,A,1-5GeV,533.513506713628,80727.19868335099,916.5591542521913,0.2708690572039568,0.10092035347333969,0.006329892399781767,25.804742523524773,350,0.0007444257531519227,0.002909424121233517,19,0.0028088209010346255,7173.877347743397
wave1,w100_physics_s4,physics,4,100,4,True,val,A,5-20GeV,243.66832993751518,9303.28684517662,479.3686487507126,0.20563753427758555,0.042134696769279285,0.011461402575258697,11.007220319043443,184,0.0007444257531519227,0.020400536357767507,9,0.0005096686157557428,2306.1250752016567
wave1,w100_physics_s4,physics,4,100,4,True,val,A,20-200GeV,290.37435494831254,4798.090766927294,507.49978366053404,0.1563805929111796,0.05896684438999028,0.026792957045580275,15.481654977695825,98,0.0007444257531519227,0.0004550318470283865,4,0.0009147414785637409,436.5695393626081
wave1,w100_physics_s4,physics,4,100,4,True,val,A,all,365.7481488868547,39096.86344053154,651.3219511877714,0.22006962521578693,0.07730009283454958,0.010754422535106438,15.482794052115722,632,0.0007444257531519227,0.0007444257531519227,32,0.0012975941081627695,10095.745280850735
wave1,w100_physics_s4,physics,4,100,4,True,val,B,1-5GeV,6354.5969336514645,68592.08331958424,8860.519764738001,3.4000015409038076,0.0004014646648115122,2.0308904910187767e-05,1181464.7237645744,219,29.06626263219181,194.32988753253255,14,239.1203764747729,31863.319386796837
wave1,w100_physics_s4,physics,4,100,4,True,val,B,5-20GeV,1454.9930183505353,40099.869567978174,2589.0556333093286,1.0422400875583078,0.0006521663030946412,1.2712099905242722e-05,360379.6349347898,268,29.06626263219181,18.868742882830247,13,23.771840872143457,312.6197581884921
wave1,w100_physics_s4,physics,4,100,4,True,val,B,20-200GeV,1243.2949096025538,13230.287320240574,2046.090185125113,0.6186926583675398,0.009693563861418265,3.5570824833433366e-05,104397.23230693299,94,29.06626263219181,8.451150669401386,5,6.659794481365111,77.86268877226932
wave1,w100_physics_s4,physics,4,100,4,True,val,B,all,2241.081480455989,49641.53777156616,3866.0847742924034,1.2259647809582281,0.0020204756175497456,1.6992012095351677e-05,468725.43876780034,581,29.06626263219181,29.06626263219181,32,46.362551442712174,10372.636338919856
wave1,w100_physics_s4,physics,4,100,4,True,val,C,1-5GeV,487.72893541218565,3780.8018737026146,829.1979345653147,0.29174993978968444,0.0017177958945053275,1.5586770744350327e-05,24.01565099967229,1541,1.9820198815523327e-06,2.8307738375588087e-06,18,6.750537906441423e-06,0.20163025035344614
wave1,w100_physics_s4,physics,4,100,4,True,val,C,5-20GeV,208.52644565545341,1580.9924002068528,344.9293083277212,0.09276079464537457,0.00022611414023480329,1.4380139941392677e-05,3.982292308535307,901,1.9820198815523327e-06,6.594778056978612e-07,10,1.7530226159578888e-06,0.14228742605375028
wave1,w100_physics_s4,physics,4,100,4,True,val,C,20-200GeV,144.44386299725386,601.9381349516059,229.1994570797957,0.07669566670924743,0.00016375081461151658,5.214910561573832e-05,0.6156453043622001,314,1.9820198815523327e-06,1.1178560299640594e-06,4,4.790932095488643e-07,0.009702852425164103
wave1,w100_physics_s4,physics,4,100,4,True,val,C,all,313.6045542996575,2827.583174852383,536.1456271405043,0.15709270761407254,0.001053073319873833,1.6777158642102742e-05,6.048405576626337,2756,1.9820198815523327e-06,1.9820198815523327e-06,32,5.807194725093723e-07,3.303541561407996
wave1,w100_physics_s4,physics,4,100,4,True,test,A,1-5GeV,611.7801704792157,71901.99136157394,1029.0135946505263,0.35273921018111676,0.1217247599249035,0.008851402050372577,31.11023947234115,324,0.0007444257531519227,0.002909424121233517,19,0.0028088209010346255,7173.877347743397
wave1,w100_physics_s4,physics,4,100,4,True,test,A,5-20GeV,234.31938898841764,12280.613290351084,473.4373099970659,0.1941164199703374,0.04577024791427877,0.012832176246143677,9.80516663159503,191,0.0007444257531519227,0.020400536357767507,9,0.0005096686157557428,2306.1250752016567
wave1,w100_physics_s4,physics,4,100,4,True,test,A,20-200GeV,259.30656125292086,3879.2858573919016,459.26452156175213,0.14961304339606782,0.043470026003341954,0.03089208102344857,5.945399012586616,89,0.0007444257531519227,0.0004550318470283865,4,0.0009147414785637409,436.5695393626081
wave1,w100_physics_s4,physics,4,100,4,True,test,A,all,353.6478928710523,33951.974967667236,662.6049093663901,0.22346385613884223,0.08617511900926061,0.012663783989511016,10.945522383782214,604,0.0007444257531519227,0.0007444257531519227,32,0.0012975941081627695,10095.745280850735
wave1,w100_physics_s4,physics,4,100,4,True,test,B,1-5GeV,6664.663567035518,114228.52999342354,8850.372205502992,3.0858372477214746,0.000439026519617827,1.951265634100651e-05,1197127.786821343,191,29.06626263219181,194.32988753253255,14,239.1203764747729,31863.319386796837
wave1,w100_physics_s4,physics,4,100,4,True,test,B,5-20GeV,1657.393668295498,24732.647152012592,2602.7734074504847,1.0539850736820262,0.0004955096775345453,1.489389148906659e-05,355193.23732396663,278,29.06626263219181,18.868742882830247,13,23.771840872143457,312.6197581884921
wave1,w100_physics_s4,physics,4,100,4,True,test,B,20-200GeV,1042.2474602566183,3001.3435419808043,1563.5337212928846,0.5180467325181861,0.000263821864638222,2.447730702194633e-05,104910.80409850382,95,29.06626263219181,8.451150669401386,5,6.659794481365111,77.86268877226932
wave1,w100_physics_s4,physics,4,100,4,True,test,B,all,2105.733348526087,48555.34686737748,3589.395619398374,1.1852420088094702,0.0004373560864224106,1.8412787132036538e-05,444074.60985912883,564,29.06626263219181,29.06626263219181,32,46.362551442712174,10372.636338919856
wave1,w100_physics_s4,physics,4,100,4,True,test,C,1-5GeV,505.6038724525962,4066.4414687235867,820.1023498737023,0.299551370490668,0.003337375517223342,1.605378182005048e-05,20.65045648123487,1625,1.9820198815523327e-06,2.8307738375588087e-06,18,6.750537906441423e-06,0.20163025035344614
wave1,w100_physics_s4,physics,4,100,4,True,test,C,5-20GeV,204.77419719593826,1433.9929905743702,342.68703460247707,0.09730532944847783,0.0002182131057377479,1.2315545520777253e-05,4.010366603324655,857,1.9820198815523327e-06,6.594778056978612e-07,10,1.7530226159578888e-06,0.14228742605375028
wave1,w100_physics_s4,physics,4,100,4,True,test,C,20-200GeV,144.88923838538705,738.9222163948119,229.78900825594906,0.07992950230550216,0.00034086218120793683,6.273630611466505e-05,0.7430259263347949,311,1.9820198815523327e-06,1.1178560299640594e-06,4,4.790932095488643e-07,0.009702852425164103
wave1,w100_physics_s4,physics,4,100,4,True,test,C,all,322.08522183583807,2885.1965003927503,536.5927197731253,0.16310522909083677,0.002046635154121321,1.6511240866464135e-05,6.63368461363234,2793,1.9820198815523327e-06,1.9820198815523327e-06,32,5.807194725093723e-07,3.303541561407996
wave1,w100_physics_s5,physics,5,100,4,True,val,A,1-5GeV,599.7762328404624,63712.6195883541,1093.2684377586065,0.36270908321057393,0.1029176592997784,0.006231444778851684,25.804742523524773,350,0.0007444257531519227,0.002909424121233517,19,0.0028088209010346255,7173.877347743397
wave1,w100_physics_s5,physics,5,100,4,True,val,A,5-20GeV,176.67165804507658,9663.40674878703,428.4689388159879,0.17134384643457434,0.02263198885980653,0.005449049112119821,11.007220319043443,184,0.0007444257531519227,0.020400536357767507,9,0.0005096686157557428,2306.1250752016567
wave1,w100_physics_s5,physics,5,100,4,True,val,A,20-200GeV,351.79329421508345,8579.246937649115,440.8511914697785,0.1692401580741295,0.0826684555667367,0.02464785029529254,15.481654977695825,98,0.0007444257531519227,0.0004550318470283865,4,0.0009147414785637409,436.5695393626081
wave1,w100_physics_s5,physics,5,100,4,True,val,A,all,409.38261419037167,34378.02625220607,690.3471172483817,0.2390589391320589,0.0764034420105491,0.007602518810142194,15.482794052115722,632,0.0007444257531519227,0.0007444257531519227,32,0.0012975941081627695,10095.745280850735
wave1,w100_physics_s5,physics,5,100,4,True,val,B,1-5GeV,6211.229355488477,69939.83211680243,8987.218799558776,2.928049121129872,0.0003500970707421289,2.148072253068283e-05,1181464.7237645744,219,29.06626263219181,194.32988753253255,14,239.1203764747729,31863.319386796837
wave1,w100_physics_s5,physics,5,100,4,True,val,B,5-20GeV,2467.786254481723,28661.319452857504,2718.6197983912734,0.8355764288468653,0.0007253840362395957,2.807441133965359e-05,360379.6349347898,268,29.06626263219181,18.868742882830247,13,23.771840872143457,312.6197581884921
wave1,w100_physics_s5,physics,5,100,4,True,val,B,20-200GeV,2470.393718131135,15845.269752480224,2292.3103860281417,0.5942334623282586,0.0071362654380731335,0.0001220666054545646,104397.23230693299,94,29.06626263219181,8.451150669401386,5,6.659794481365111,77.86268877226932
wave1,w100_physics_s5,physics,5,100,4,True,val,B,all,3133.1288877733527,50958.772121924994,3962.9466117372376,1.163242076814841,0.0016211413621060454,3.0582697217770314e-05,468725.43876780034,581,29.06626263219181,29.06626263219181,32,46.362551442712174,10372.636338919856
wave1,w100_physics_s5,physics,5,100,4,True,val,C,1-5GeV,446.6274792825402,3685.9103536471594,784.3331285940786,0.3146141018883079,0.002244238723480291,1.1691334479713929e-05,24.01565099967229,1541,1.9820198815523327e-06,2.8307738375588087e-06,18,6.750537906441423e-06,0.20163025035344614
wave1,w100_physics_s5,physics,5,100,4,True,val,C,5-20GeV,174.1967709235972,1331.0945650020471,352.1006856684892,0.11037602156056467,0.00015944519985691618,1.0459374901018883e-05,3.982292308535307,901,1.9820198815523327e-06,6.594778056978612e-07,10,1.7530226159578888e-06,0.14228742605375028
wave1,w100_physics_s5,physics,5,100,4,True,val,C,20-200GeV,173.11636874307658,553.1169878841139,260.66800929901035,0.061895712093447755,0.00032869640478546124,3.99749831827156e-05,0.6156453043622001,314,1.9820198815523327e-06,1.1178560299640594e-06,4,4.790932095488643e-07,0.009702852425164103
wave1,w100_physics_s5,physics,5,100,4,True,val,C,all,267.62047162452234,2508.8181040723684,519.248498861506,0.1903480904908196,0.0013444276738232383,1.2709306548428402e-05,6.048405576626337,2756,1.9820198815523327e-06,1.9820198815523327e-06,32,5.807194725093723e-07,3.303541561407996
wave1,w100_physics_s5,physics,5,100,4,True,test,A,1-5GeV,688.8059398994735,72191.18609617474,1148.3157089667948,0.397633971410535,0.11371272143466661,0.007594239937468911,31.11023947234115,324,0.0007444257531519227,0.002909424121233517,19,0.0028088209010346255,7173.877347743397
wave1,w100_physics_s5,physics,5,100,4,True,test,A,5-20GeV,177.88283184955762,14832.895192453861,430.3425601363031,0.16363461888747183,0.03513240255767787,0.005787094723445636,9.80516663159503,191,0.0007444257531519227,0.020400536357767507,9,0.0005096686157557428,2306.1250752016567
wave1,w100_physics_s5,physics,5,100,4,True,test,A,20-200GeV,266.5616412980332,4993.329763012978,410.6151456801229,0.14937855236062114,0.08405387388296119,0.01347505653177623,5.945399012586616,89,0.0007444257531519227,0.0004550318470283865,4,0.0009147414785637409,436.5695393626081
wave1,w100_physics_s5,physics,5,100,4,True,test,A,all,409.3164182516559,28013.921405354533,695.1336275804645,0.22678787631337516,0.08449338643862915,0.007940094346481883,10.945522383782214,604,0.0007444257531519227,0.0007444257531519227,32,0.0012975941081627695,10095.745280850735
wave1,w100_physics_s5,physics,5,100,4,True,test,B,1-5GeV,6812.949779416385,83939.62196332883,8904.439171420563,2.8886924237443434,0.0006522886993388295,1.8525433764707983e-05,1197127.786821343,191,29.06626263219181,194.32988753253255,14,239.1203764747729,31863.319386796837
wave1,w100_physics_s5,physics,5,100,4,True,test,B,5-20GeV,2587.9670933812235,24596.865866379667,2862.371440536577,0.8714220299135961,0.00066772399447407,2.6451946673109052e-05,355193.23732396663,278,29.06626263219181,18.868742882830247,13,23.771840872143457,312.6197581884921
wave1,w100_physics_s5,physics,5,100,4,True,test,B,20-200GeV,1641.2390247794378,9313.962835975797,1619.7961591593328,0.4514954390913012,0.0034226478583362996,8.015721145764539e-05,104910.80409850382,95,29.06626263219181,8.451150669401386,5,6.659794481365111,77.86268877226932
wave1,w100_physics_s5,physics,5,100,4,True,test,B,all,2948.081403570768,39733.32264042938,3456.0316964655867,1.0027473718499658,0.0011265353875522272,2.932324586887208e-05,444074.60985912883,564,29.06626263219181,29.06626263219181,32,46.362551442712174,10372.636338919856
wave1,w100_physics_s5,physics,5,100,4,True,test,C,1-5GeV,416.73326097611607,4190.2772262394565,803.4468305293103,0.30533379596171784,0.003573712904452025,1.5169405628812567e-05,20.65045648123487,1625,1.9820198815523327e-06,2.8307738375588087e-06,18,6.750537906441423e-06,0.20163025035344614
wave1,w100_physics_s5,physics,5,100,4,True,test,C,5-20GeV,160.90715383187694,1301.7365049311818,346.96910731098995,0.11392940861060545,0.00012127783994633695,1.0900819238650094e-05,4.010366603324655,857,1.9820198815523327e-06,6.594778056978612e-07,10,1.7530226159578888e-06,0.14228742605375028
wave1,w100_physics_s5,physics,5,100,4,True,test,C,20-200GeV,178.8922297940405,559.6998862936928,268.1549507355303,0.05833334513245109,0.0006855969986140977,4.360136331010031e-05,0.7430259263347949,311,1.9820198815523327e-06,1.1178560299640594e-06,4,4.790932095488643e-07,0.009702852425164103
wave1,w100_physics_s5,physics,5,100,4,True,test,C,all,261.6112932234027,2838.2135858762927,527.6944172765923,0.1945151466106257,0.0021927816846178077,1.5401430204318452e-05,6.63368461363234,2793,1.9820198815523327e-06,1.9820198815523327e-06,32,5.807194725093723e-07,3.303541561407996
wave1,w100_physics_s6,physics,6,100,4,True,val,A,1-5GeV,685.3971448189579,78975.52758762053,1139.5418402320988,0.32649981916366144,0.12086003092043017,0.024842778774638634,25.804742523524773,350,0.0007444257531519227,0.002909424121233517,19,0.0028088209010346255,7173.877347743397
wave1,w100_physics_s6,physics,6,100,4,True,val,A,5-20GeV,210.98551504087283,8299.099411577425,365.4239661793604,0.13705455629161623,0.027730762691468874,0.006135451666539062,11.007220319043443,184,0.0007444257531519227,0.020400536357767507,9,0.0005096686157557428,2306.1250752016567
wave1,w100_physics_s6,physics,6,100,4,True,val,A,20-200GeV,125.41582270734392,6990.4323856021765,341.2671642634755,0.19477125483158753,0.028944246465985365,0.0033435761462548472,15.481654977695825,98,0.0007444257531519227,0.0004550318470283865,4,0.0009147414785637409,436.5695393626081
wave1,w100_physics_s6,physics,6,100,4,True,val,A,all,428.1400061802177,28781.794345568942,736.9221318350195,0.22521512850515873,0.07949368245418892,0.007298683449532949,15.482794052115722,632,0.0007444257531519227,0.0007444257531519227,32,0.0012975941081627695,10095.745280850735
wave1,w100_physics_s6,physics,6,100,4,True,val,B,1-5GeV,7469.479462559093,85085.158536871,9343.383230311134,3.7810687676230748,0.000298195100141047,2.712063219380322e-05,1181464.7237645744,219,29.06626263219181,194.32988753253255,14,239.1203764747729,31863.319386796837
wave1,w100_physics_s6,physics,6,100,4,True,val,B,5-20GeV,1937.1675458871139,28788.47493956998,2721.9110091795073,0.8192100019190768,0.0005516133795859792,1.7304248126101e-05,360379.6349347898,268,29.06626263219181,18.868742882830247,13,23.771840872143457,312.6197581884921
wave1,w100_physics_s6,physics,6,100,4,True,val,B,20-200GeV,1749.9004255030995,11236.685341049802,2464.9237309105897,0.4470688736230911,0.006394745706825447,7.10278156403278e-05,104397.23230693299,94,29.06626263219181,8.451150669401386,5,6.659794481365111,77.86268877226932
wave1,w100_physics_s6,physics,6,100,4,True,val,B,all,2768.624743427438,50790.157993424145,4170.225458130631,1.1203188046001733,0.00140145130654307,2.7552590016631126e-05,468725.43876780034,581,29.06626263219181,29.06626263219181,32,46.362551442712174,10372.636338919856
wave1,w100_physics_s6,physics,6,100,4,True,val,C,1-5GeV,465.5626823568255,3328.024315288644,867.4333580682423,0.33209682562970744,0.001382327250084202,1.4526590054879532e-05,24.01565099967229,1541,1.9820198815523327e-06,2.8307738375588087e-06,18,6.750537906441423e-06,0.20163025035344614
wave1,w100_physics_s6,physics,6,100,4,True,val,C,5-20GeV,209.0351475829486,1237.0269988746506,364.54747543672283,0.11895978019756115,0.0002601022638831652,2.0035695351604317e-05,3.982292308535307,901,1.9820198815523327e-06,6.594778056978612e-07,10,1.7530226159578888e-06,0.14228742605375028
wave1,w100_physics_s6,physics,6,100,4,True,val,C,20-200GeV,144.59193839180884,477.0302818049345,235.18646291378565,0.11379292380639047,0.00038288097960117865,8.352132285320351e-05,0.6156453043622001,314,1.9820198815523327e-06,1.1178560299640594e-06,4,4.790932095488643e-07,0.009702852425164103
wave1,w100_physics_s6,physics,6,100,4,True,val,C,all,303.510714052841,2558.875886998372,552.8121326776692,0.20923520939533213,0.0009015758562167118,1.823344624207975e-05,6.048405576626337,2756,1.9820198815523327e-06,1.9820198815523327e-06,32,5.807194725093723e-07,3.303541561407996
wave1,w100_physics_s6,physics,6,100,4,True,test,A,1-5GeV,906.3128481075885,66850.02994552103,1281.7028112279718,0.3632505643831885,0.15998856748123125,0.02218955951407298,31.11023947234115,324,0.0007444257531519227,0.002909424121233517,19,0.0028088209010346255,7173.877347743397
wave1,w100_physics_s6,physics,6,100,4,True,test,A,5-20GeV,205.26594533870556,10998.748878132625,351.02782781605157,0.12347667070812529,0.030830151697506476,0.007957306420357224,9.80516663159503,191,0.0007444257531519227,0.020400536357767507,9,0.0005096686157557428,2306.1250752016567
wave1,w100_physics_s6,physics,6,100,4,True,test,A,20-200GeV,81.65737007344309,4715.60111575789,273.8608337049664,0.1843592125509042,0.009485605704837911,0.0038358458061680013,5.945399012586616,89,0.0007444257531519227,0.0004550318470283865,4,0.0009147414785637409,436.5695393626081
wave1,w100_physics_s6,physics,6,100,4,True,test,A,all,441.85055582205035,28168.63748046385,725.002059927597,0.22054146201232105,0.09696866514217423,0.008063339347421986,10.945522383782214,604,0.0007444257531519227,0.0007444257531519227,32,0.0012975941081627695,10095.745280850735
wave1,w100_physics_s6,physics,6,100,4,True,test,B,1-5GeV,6192.110316349357,92816.97705522049,9539.349366560713,3.1015872818849766,0.0005095270361130632,1.8553170695097156e-05,1197127.786821343,191,29.06626263219181,194.32988753253255,14,239.1203764747729,31863.319386796837
wave1,w100_physics_s6,physics,6,100,4,True,test,B,5-20GeV,2115.614145331323,18192.404410547842,2766.2567908496953,0.8072832449091414,0.00039585459028463303,1.5341375345605824e-05,355193.23732396663,278,29.06626263219181,18.868742882830247,13,23.771840872143457,312.6197581884921
wave1,w100_physics_s6,physics,6,100,4,True,test,B,20-200GeV,982.5710626216235,5097.808870153578,1703.6804799275344,0.42085250769550997,0.0007312567173055987,3.297048309448416e-05,104910.80409850382,95,29.06626263219181,8.451150669401386,5,6.659794481365111,77.86268877226932
wave1,w100_physics_s6,physics,6,100,4,True,test,B,all,2502.456041106626,39714.38165757727,3321.854152853948,1.0718056699322644,0.0004908450853559485,1.938201204588437e-05,444074.60985912883,564,29.06626263219181,29.06626263219181,32,46.362551442712174,10372.636338919856
wave1,w100_physics_s6,physics,6,100,4,True,test,C,1-5GeV,441.41313742389343,3783.846253292643,870.9970489698549,0.33980427530408247,0.0025335248032576215,1.7049731653749443e-05,20.65045648123487,1625,1.9820198815523327e-06,2.8307738375588087e-06,18,6.750537906441423e-06,0.20163025035344614
wave1,w100_physics_s6,physics,6,100,4,True,test,C,5-20GeV,213.07491658510003,1204.9789196286804,375.14669276454526,0.13583150374386205,0.0002377761146448986,1.8187736775083513e-05,4.010366603324655,857,1.9820198815523327e-06,6.594778056978612e-07,10,1.7530226159578888e-06,0.14228742605375028
wave1,w100_physics_s6,physics,6,100,4,True,test,C,20-200GeV,148.61390115354743,556.8596909845169,263.7133771265203,0.11305114002132903,0.0007618591667661992,6.6648345695165e-05,0.7430259263347949,311,1.9820198815523327e-06,1.1178560299640594e-06,4,4.790932095488643e-07,0.009702852425164103
wave1,w100_physics_s6,physics,6,100,4,True,test,C,all,295.8482779796752,2783.496262001951,560.2837394673656,0.2151854497522629,0.0016318260423947729,1.9976165350520612e-05,6.63368461363234,2793,1.9820198815523327e-06,1.9820198815523327e-06,32,5.807194725093723e-07,3.303541561407996
wave1,w100_physics_s7,physics,7,100,4,True,val,A,1-5GeV,621.2750708958042,67140.60994895239,1258.7990091875004,0.4963450230399333,0.13594608971611447,0.02130778089120306,25.804742523524773,350,0.0007444257531519227,0.002909424121233517,19,0.0028088209010346255,7173.877347743397
wave1,w100_physics_s7,physics,7,100,4,True,val,A,5-20GeV,217.78821876896046,9157.067983552944,588.1299476739835,0.21213967859066812,0.03422318983048363,0.010028763606035777,11.007220319043443,184,0.0007444257531519227,0.020400536357767507,9,0.0005096686157557428,2306.1250752016567
wave1,w100_physics_s7,physics,7,100,4,True,val,A,20-200GeV,304.64889521816883,4591.847353991322,532.3289724535321,0.16002569575386322,0.0534206971098897,0.008287456935376435,15.481654977695825,98,0.0007444257531519227,0.0004550318470283865,4,0.0009147414785637409,436.5695393626081
wave1,w100_physics_s7,physics,7,100,4,True,val,A,all,444.26019697176287,31919.24660629517,896.7660696995927,0.30533092555813657,0.09353390292123137,0.01195043851206312,15.482794052115722,632,0.0007444257531519227,0.0007444257531519227,32,0.0012975941081627695,10095.745280850735
wave1,w100_physics_s7,physics,7,100,4,True,val,B,1-5GeV,7647.21734232819,70559.34703449545,9929.254518622884,2.8944194444904814,0.00039180396592734546,2.521891337530499e-05,1181464.7237645744,219,29.06626263219181,194.32988753253255,14,239.1203764747729,31863.319386796837
wave1,w100_physics_s7,physics,7,100,4,True,val,B,5-20GeV,2112.1827984609354,27590.373017151844,3056.446769682424,0.9191264064173088,0.00038027427417788374,1.833385847212136e-05,360379.6349347898,268,29.06626263219181,18.868742882830247,13,23.771840872143457,312.6197581884921
wave1,w100_physics_s7,physics,7,100,4,True,val,B,20-200GeV,2342.9427760142116,11931.136388866575,2568.3443701087117,0.6967903453983422,0.006731517038697007,0.00012770169484267762,104397.23230693299,94,29.06626263219181,8.451150669401386,5,6.659794481365111,77.86268877226932
wave1,w100_physics_s7,physics,7,100,4,True,val,B,all,2852.068620104319,41965.89039322134,4446.030738911986,1.2670532117577404,0.0014121879099058177,2.6851978637999364e-05,468725.43876780034,581,29.06626263219181,29.06626263219181,32,46.362551442712174,10372.636338919856
wave1,w100_physics_s7,physics,7,100,4,True,val,C,1-5GeV,500.0002893004023,4425.558398316298,918.4531164714258,0.3020048787540398,0.0019911862061856964,1.71068074214109e-05,24.01565099967229,1541,1.9820198815523327e-06,2.8307738375588087e-06,18,6.750537906441423e-06,0.20163025035344614
wave1,w100_physics_s7,physics,7,100,4,True,val,C,5-20GeV,179.82099734230417,1455.1425193295877,408.95416521870584,0.11561776140990576,0.0002551258426310117,1.374414503761388e-05,3.982292308535307,901,1.9820198815523327e-06,6.594778056978612e-07,10,1.7530226159578888e-06,0.14228742605375028
wave1,w100_physics_s7,physics,7,100,4,True,val,C,20-200GeV,121.19636325646476,750.1559227037145,287.1751495714001,0.06654528992563027,0.0003189957685253263,5.602227210427456e-05,0.6156453043622001,314,1.9820198815523327e-06,1.1178560299640594e-06,4,4.790932095488643e-07,0.009702852425164103
wave1,w100_physics_s7,physics,7,100,4,True,val,C,all,309.4425965615493,3364.5584903997446,631.238043298044,0.18689529533133173,0.001233109941676216,1.7442314182699076e-05,6.048405576626337,2756,1.9820198815523327e-06,1.9820198815523327e-06,32,5.807194725093723e-07,3.303541561407996
wave1,w100_physics_s7,physics,7,100,4,True,test,A,1-5GeV,792.9094392499535,72311.17613540603,1557.8409834729648,0.5501293016916369,0.147256893231333,0.016112759193164794,31.11023947234115,324,0.0007444257531519227,0.002909424121233517,19,0.0028088209010346255,7173.877347743397
wave1,w100_physics_s7,physics,7,100,4,True,test,A,5-20GeV,204.9725086363332,12931.568945081865,599.5726113579884,0.2197286020513521,0.04234400319603485,0.009778756493410716,9.80516663159503,191,0.0007444257531519227,0.020400536357767507,9,0.0005096686157557428,2306.1250752016567
wave1,w100_physics_s7,physics,7,100,4,True,test,A,20-200GeV,125.82580661313636,2838.6539731245202,525.7080490364658,0.1469337215576445,0.021350128751070705,0.007846431308225954,5.945399012586616,89,0.0007444257531519227,0.0004550318470283865,4,0.0009147414785637409,436.5695393626081
wave1,w100_physics_s7,physics,7,100,4,True,test,A,all,438.32947917058004,29057.60234416843,882.1523804284806,0.2936168916420623,0.09552831039112555,0.010733668939024839,10.945522383782214,604,0.0007444257531519227,0.0007444257531519227,32,0.0012975941081627695,10095.745280850735
wave1,w100_physics_s7,physics,7,100,4,True,test,B,1-5GeV,7048.636312758788,95755.27108952792,9364.876205800783,2.7357129216839526,0.00024088232370072612,2.4767323832337e-05,1197127.786821343,191,29.06626263219181,194.32988753253255,14,239.1203764747729,31863.319386796837
wave1,w100_physics_s7,physics,7,100,4,True,test,B,5-20GeV,2033.0751885496702,19468.54319740465,2913.264427322787,0.9944785324786445,0.0002937332695344064,2.1588950789828787e-05,355193.23732396663,278,29.06626263219181,18.868742882830247,13,23.771840872143457,312.6197581884921
wave1,w100_physics_s7,physics,7,100,4,True,test,B,20-200GeV,1491.9431034547301,4988.162127831787,1705.8011266558992,0.4106931909284711,0.0003274136469507331,6.7769399777377e-05,104910.80409850382,95,29.06626263219181,8.451150669401386,5,6.659794481365111,77.86268877226932
wave1,w100_physics_s7,physics,7,100,4,True,test,B,all,2652.7150249513343,39392.62580466389,3882.3787093709825,1.1633054621800407,0.00028150827875482855,2.8218390039336508e-05,444074.60985912883,564,29.06626263219181,29.06626263219181,32,46.362551442712174,10372.636338919856
wave1,w100_physics_s7,physics,7,100,4,True,test,C,1-5GeV,512.5742612153665,4816.441436700806,952.986661340816,0.3280432711796899,0.0031864164897899465,1.9441900432664227e-05,20.65045648123487,1625,1.9820198815523327e-06,2.8307738375588087e-06,18,6.750537906441423e-06,0.20163025035344614
wave1,w100_physics_s7,physics,7,100,4,True,test,C,5-20GeV,181.6708033619019,1391.084541844702,408.73332341732123,0.11761797386727196,0.0001552976153003432,1.2237496575249677e-05,4.010366603324655,857,1.9820198815523327e-06,6.594778056978612e-07,10,1.7530226159578888e-06,0.14228742605375028
wave1,w100_physics_s7,physics,7,100,4,True,test,C,20-200GeV,123.04238350649399,605.4999832220674,286.039758852378,0.070404828974472,0.0005368602274934114,5.84677226813537e-05,0.7430259263347949,311,1.9820198815523327e-06,1.1178560299640594e-06,4,4.790932095488643e-07,0.009702852425164103
wave1,w100_physics_s7,physics,7,100,4,True,test,C,all,331.3879774530051,3280.321941621117,650.9240632553883,0.19249226013797263,0.001961324877540819,1.9280047609668495e-05,6.63368461363234,2793,1.9820198815523327e-06,1.9820198815523327e-06,32,5.807194725093723e-07,3.303541561407996
wave1,w100_physics_s8,physics,8,100,4,True,val,A,1-5GeV,640.3304373674492,72858.25210337636,1031.68122976315,0.36794223027904194,0.11127043426927172,0.008138365575905804,25.804742523524773,350,0.0007444257531519227,0.002909424121233517,19,0.0028088209010346255,7173.877347743397
wave1,w100_physics_s8,physics,8,100,4,True,val,A,5-20GeV,281.26448321770056,8311.449052711545,386.7246859025488,0.14635970110378482,0.03877048785393529,0.010691341942383848,11.007220319043443,184,0.0007444257531519227,0.020400536357767507,9,0.0005096686157557428,2306.1250752016567
wave1,w100_physics_s8,physics,8,100,4,True,val,A,20-200GeV,244.4411786111652,8567.062062289953,362.5297998582801,0.14123277994071773,0.049085747548187834,0.020127842493382696,15.481654977695825,98,0.0007444257531519227,0.0004550318470283865,4,0.0009147414785637409,436.5695393626081
wave1,w100_physics_s8,physics,8,100,4,True,val,A,all,413.78922608001585,31672.689135227523,639.8448908081216,0.2206885191252672,0.08052029275172722,0.012381257866364211,15.482794052115722,632,0.0007444257531519227,0.0007444257531519227,32,0.0012975941081627695,10095.745280850735
wave1,w100_physics_s8,physics,8,100,4,True,val,B,1-5GeV,5686.182607784303,67423.17828287596,8060.444141523931,3.0968628538172243,0.0003508387358721392,1.7201943120976457e-05,1181464.7237645744,219,29.06626263219181,194.32988753253255,14,239.1203764747729,31863.319386796837
wave1,w100_physics_s8,physics,8,100,4,True,val,B,5-20GeV,2035.065084829892,28762.60448135546,2427.905821460804,0.9368363364561094,0.0004889244797438017,2.410197913752611e-05,360379.6349347898,268,29.06626263219181,18.868742882830247,13,23.771840872143457,312.6197581884921
wave1,w100_physics_s8,physics,8,100,4,True,val,B,20-200GeV,2363.602778334517,13864.703125469165,2485.0539762429808,1.0193293954554732,0.0057557141055291465,0.00013077264113602123,104397.23230693299,94,29.06626263219181,8.451150669401386,5,6.659794481365111,77.86268877226932
wave1,w100_physics_s8,physics,8,100,4,True,val,B,all,2901.9418793097884,40578.403369869644,3724.4180433463825,1.2918776310468505,0.001288988932266914,2.680274431958358e-05,468725.43876780034,581,29.06626263219181,29.06626263219181,32,46.362551442712174,10372.636338919856
wave1,w100_physics_s8,physics,8,100,4,True,val,C,1-5GeV,456.5275981376544,4033.007332125404,749.8459363671373,0.279811269716046,0.0014400426976906853,1.278158120215351e-05,24.01565099967229,1541,1.9820198815523327e-06,2.8307738375588087e-06,18,6.750537906441423e-06,0.20163025035344614
wave1,w100_physics_s8,physics,8,100,4,True,val,C,5-20GeV,156.9847108222575,1318.5912900371477,361.5780323888962,0.08497419494388203,0.00019034332108728007,1.249830490984567e-05,3.982292308535307,901,1.9820198815523327e-06,6.594778056978612e-07,10,1.7530226159578888e-06,0.14228742605375028
wave1,w100_physics_s8,physics,8,100,4,True,val,C,20-200GeV,98.25168281147789,467.7276809766001,267.020332160895,0.054128292608531664,0.00021118272889028735,2.0070310236838778e-05,0.6156453043622001,314,1.9820198815523327e-06,1.1178560299640594e-06,4,4.790932095488643e-07,0.009702852425164103
wave1,w100_physics_s8,physics,8,100,4,True,val,C,all,271.2961956406268,2851.654457675238,496.8936359650471,0.14862785754314428,0.0008914791387200782,1.3296532704841131e-05,6.048405576626337,2756,1.9820198815523327e-06,1.9820198815523327e-06,32,5.807194725093723e-07,3.303541561407996
wave1,w100_physics_s8,physics,8,100,4,True,test,A,1-5GeV,705.2480485494469,85111.93678765999,1207.6329855371305,0.3705244772764602,0.13359884802589786,0.008074463288705348,31.11023947234115,324,0.0007444257531519227,0.002909424121233517,19,0.0028088209010346255,7173.877347743397
wave1,w100_physics_s8,physics,8,100,4,True,test,A,5-20GeV,246.44456429286055,12827.688834622222,379.4487324839711,0.16861287022519947,0.056406021146037856,0.011334232844396873,9.80516663159503,191,0.0007444257531519227,0.020400536357767507,9,0.0005096686157557428,2306.1250752016567
wave1,w100_physics_s8,physics,8,100,4,True,test,A,20-200GeV,177.37407531944237,5470.111650904094,307.0553141105732,0.13095166860239635,0.03568612042545235,0.020564147844711906,5.945399012586616,89,0.0007444257531519227,0.0004550318470283865,4,0.0009147414785637409,436.5695393626081
wave1,w100_physics_s8,physics,8,100,4,True,test,A,all,414.95014838610655,34535.90904446239,614.7167537770713,0.2185722295077394,0.09476099588932019,0.013449176705691266,10.945522383782214,604,0.0007444257531519227,0.0007444257531519227,32,0.0012975941081627695,10095.745280850735
wave1,w100_physics_s8,physics,8,100,4,True,test,B,1-5GeV,6399.200122762693,101049.23275592251,8312.291038221645,3.3791826648025824,0.00022009115756143523,2.1144819785760268e-05,1197127.786821343,191,29.06626263219181,194.32988753253255,14,239.1203764747729,31863.319386796837
wave1,w100_physics_s8,physics,8,100,4,True,test,B,5-20GeV,2158.5499189006896,24527.17112956166,2537.516128436351,0.9848909082539257,0.0006016638828902114,2.470052420586205e-05,355193.23732396663,278,29.06626263219181,18.868742882830247,13,23.771840872143457,312.6197581884921
wave1,w100_physics_s8,physics,8,100,4,True,test,B,20-200GeV,1656.591373449828,7045.124203777505,1716.5512156312843,0.7230525097341438,0.0006020560615223364,7.30568121739503e-05,104910.80409850382,95,29.06626263219181,8.451150669401386,5,6.659794481365111,77.86268877226932
wave1,w100_physics_s8,physics,8,100,4,True,test,B,all,2836.5643601682536,41440.48471128653,3511.8045588619398,1.2245057084486441,0.0004725093907488206,2.7504901550559148e-05,444074.60985912883,564,29.06626263219181,29.06626263219181,32,46.362551442712174,10372.636338919856
wave1,w100_physics_s8,physics,8,100,4,True,test,C,1-5GeV,452.57553903167036,3738.105961586051,772.2210343808911,0.29313790293267195,0.002206914762025892,1.4896871799702337e-05,20.65045648123487,1625,1.9820198815523327e-06,2.8307738375588087e-06,18,6.750537906441423e-06,0.20163025035344614
wave1,w100_physics_s8,physics,8,100,4,True,test,C,5-20GeV,157.53101026550098,1266.3484631238102,364.1937524862442,0.07703694644964343,0.0001467136432777873,8.962273877600278e-06,4.010366603324655,857,1.9820198815523327e-06,6.594778056978612e-07,10,1.7530226159578888e-06,0.14228742605375028
wave1,w100_physics_s8,physics,8,100,4,True,test,C,20-200GeV,108.05388771288627,489.4249070722623,273.60059636898984,0.05277404020450488,0.00048453608083249536,2.4551934901020294e-05,0.7430259263347949,311,1.9820198815523327e-06,1.1178560299640594e-06,4,4.790932095488643e-07,0.009702852425164103
wave1,w100_physics_s8,physics,8,100,4,True,test,C,all,278.9641978085342,2831.0639886367203,517.3403264946757,0.15271948623195308,0.0013829791628070336,1.3496201597050579e-05,6.63368461363234,2793,1.9820198815523327e-06,1.9820198815523327e-06,32,5.807194725093723e-07,3.303541561407996
wave1,w100_physics_s9,physics,9,100,4,True,val,A,1-5GeV,653.6420315074173,79471.56708046589,1249.0506524550326,0.3073995167048658,0.12476090357069775,0.010446581617738999,25.804742523524773,350,0.0007444257531519227,0.002909424121233517,19,0.0028088209010346255,7173.877347743397
wave1,w100_physics_s9,physics,9,100,4,True,val,A,5-20GeV,246.63462464086894,9367.343825888633,469.9279116249344,0.11604417986804672,0.037946055309766406,0.016475094051979413,11.007220319043443,184,0.0007444257531519227,0.020400536357767507,9,0.0005096686157557428,2306.1250752016567
wave1,w100_physics_s9,physics,9,100,4,True,val,A,20-200GeV,240.95666242581748,5150.610514411116,387.2727476853429,0.1394949949827442,0.06264556839875358,0.023158651219470177,15.481654977695825,98,0.0007444257531519227,0.0004550318470283865,4,0.0009147414785637409,436.5695393626081
wave1,w100_physics_s9,physics,9,100,4,True,val,A,all,411.8845376245734,32535.589087903823,805.7400079068486,0.21035123408369438,0.0898538862813593,0.01575416492491899,15.482794052115722,632,0.0007444257531519227,0.0007444257531519227,32,0.0012975941081627695,10095.745280850735
wave1,w100_physics_s9,physics,9,100,4,True,val,B,1-5GeV,6959.214518090903,66259.58265703745,9487.140066659094,2.9404819981008745,0.0003236384661141581,2.0359515807828554e-05,1181464.7237645744,219,29.06626263219181,194.32988753253255,14,239.1203764747729,31863.319386796837
wave1,w100_physics_s9,physics,9,100,4,True,val,B,5-20GeV,1754.6383989083124,32750.827257187106,2540.752522283854,0.7795332160216266,0.0005032550051976081,1.3669330731476806e-05,360379.6349347898,268,29.06626263219181,18.868742882830247,13,23.771840872143457,312.6197581884921
wave1,w100_physics_s9,physics,9,100,4,True,val,B,20-200GeV,1651.8006858792696,10102.923464023394,2188.914418169361,0.5615338996955467,0.0057550098736181745,8.832776778247369e-05,104397.23230693299,94,29.06626263219181,8.451150669401386,5,6.659794481365111,77.86268877226932
wave1,w100_physics_s9,physics,9,100,4,True,val,B,all,2824.0172170412734,49287.54192153861,4246.598379947159,1.0052502132247565,0.0012852325190913388,2.009597033957922e-05,468725.43876780034,581,29.06626263219181,29.06626263219181,32,46.362551442712174,10372.636338919856
wave1,w100_physics_s9,physics,9,100,4,True,val,C,1-5GeV,504.87648760150705,4450.211067679447,897.4878252651987,0.31577587288511566,0.0017930110310126028,1.87903672869319e-05,24.01565099967229,1541,1.9820198815523327e-06,2.8307738375588087e-06,18,6.750537906441423e-06,0.20163025035344614
wave1,w100_physics_s9,physics,9,100,4,True,val,C,5-20GeV,196.01336970411597,1395.9990496859405,373.2584135534722,0.1195514465432701,0.00019882742681736417,2.3753155126699624e-05,3.982292308535307,901,1.9820198815523327e-06,6.594778056978612e-07,10,1.7530226159578888e-06,0.14228742605375028
wave1,w100_physics_s9,physics,9,100,4,True,val,C,20-200GeV,139.08228233575494,523.0953785490518,324.10258425924354,0.0685114988937946,0.000314130817774031,9.150547419799605e-05,0.6156453043622001,314,1.9820198815523327e-06,1.1178560299640594e-06,4,4.790932095488643e-07,0.009702852425164103
wave1,w100_physics_s9,physics,9,100,4,True,val,C,all,309.7900729427436,3069.578397409785,557.2505160822914,0.19307016510593245,0.0011033420127481539,2.4475514178935735e-05,6.048405576626337,2756,1.9820198815523327e-06,1.9820198815523327e-06,32,5.807194725093723e-07,3.303541561407996
wave1,w100_physics_s9,physics,9,100,4,True,test,A,1-5GeV,669.7701977201814,69227.93108128832,1347.8566429693387,0.36746724786713286,0.11556436427740147,0.009640039743210796,31.11023947234115,324,0.0007444257531519227,0.002909424121233517,19,0.0028088209010346255,7173.877347743397
wave1,w100_physics_s9,physics,9,100,4,True,test,A,5-20GeV,221.56048520176964,12672.65334571266,461.5131126881077,0.12152181708377334,0.04451569472417079,0.019430638066368983,9.80516663159503,191,0.0007444257531519227,0.020400536357767507,9,0.0005096686157557428,2306.1250752016567
wave1,w100_physics_s9,physics,9,100,4,True,test,A,20-200GeV,204.85989045401365,3489.199265355085,348.45800937562063,0.10914660434445389,0.05048190607185803,0.02779233613250316,5.945399012586616,89,0.0007444257531519227,0.0004550318470283865,4,0.0009147414785637409,436.5695393626081
wave1,w100_physics_s9,physics,9,100,4,True,test,A,all,399.1067891555225,26387.71345251742,818.2100513748836,0.2001346165678361,0.08350702211687097,0.01784617780902937,10.945522383782214,604,0.0007444257531519227,0.0007444257531519227,32,0.0012975941081627695,10095.745280850735
wave1,w100_physics_s9,physics,9,100,4,True,test,B,1-5GeV,7085.907930442431,105767.99600098365,9244.513119723706,2.8766221413078634,0.0003245703151116478,2.0555064444172067e-05,1197127.786821343,191,29.06626263219181,194.32988753253255,14,239.1203764747729,31863.319386796837
wave1,w100_physics_s9,physics,9,100,4,True,test,B,5-20GeV,1709.6598516723561,22905.073636190733,2642.199711832234,0.7886041182636611,0.0004528835272772012,1.5200923917339228e-05,355193.23732396663,278,29.06626263219181,18.868742882830247,13,23.771840872143457,312.6197581884921
wave1,w100_physics_s9,physics,9,100,4,True,test,B,20-200GeV,970.5272107781724,5547.73772213854,1535.9734350614076,0.43678046092113926,0.0006051468095241217,4.110643777232411e-05,104910.80409850382,95,29.06626263219181,8.451150669401386,5,6.659794481365111,77.86268877226932
wave1,w100_physics_s9,physics,9,100,4,True,test,B,all,2547.1703443079987,47865.246498158245,3522.1303387206576,0.9478551847640453,0.000435077123535777,2.0579292026540232e-05,444074.60985912883,564,29.06626263219181,29.06626263219181,32,46.362551442712174,10372.636338919856
wave1,w100_physics_s9,physics,9,100,4,True,test,C,1-5GeV,512.7741077758916,4743.828304489954,912.2612704439987,0.3284039737012079,0.003176124205528507,2.8097080632590013e-05,20.65045648123487,1625,1.9820198815523327e-06,2.8307738375588087e-06,18,6.750537906441423e-06,0.20163025035344614
wave1,w100_physics_s9,physics,9,100,4,True,test,C,5-20GeV,203.63125163532914,1213.9400731492872,371.3940637220503,0.12128551914594721,0.0001754896426792515,2.3448268860601225e-05,4.010366603324655,857,1.9820198815523327e-06,6.594778056978612e-07,10,1.7530226159578888e-06,0.14228742605375028
wave1,w100_physics_s9,physics,9,100,4,True,test,C,20-200GeV,127.23339686175628,591.858884389108,313.0843139697239,0.08058523149076513,0.000693367092768509,5.8408244141796095e-05,0.7430259263347949,311,1.9820198815523327e-06,1.1178560299640594e-06,4,4.790932095488643e-07,0.009702852425164103
wave1,w100_physics_s9,physics,9,100,4,True,test,C,all,335.2161161064373,3517.7368339397294,552.7655910042313,0.20464137725648146,0.0019789594069498564,2.7217611435644436e-05,6.63368461363234,2793,1.9820198815523327e-06,1.9820198815523327e-06,32,5.807194725093723e-07,3.303541561407996
wave1,w200_data_s0,data,0,200,4,True,val,A,1-5GeV,326.5937455763425,28224.154316304535,569.595434957814,0.13517488909212463,0.06495931712823345,0.005028045846645912,25.804742523524773,350,0.0007444257531519227,0.002909424121233517,19,0.0028088209010346255,7173.877347743397
wave1,w200_data_s0,data,0,200,4,True,val,A,5-20GeV,99.31062254309447,2314.7014375407934,204.9175249210461,0.05300129035048888,0.012001349044444802,0.0016482232808547885,11.007220319043443,184,0.0007444257531519227,0.020400536357767507,9,0.0005096686157557428,2306.1250752016567
wave1,w200_data_s0,data,0,200,4,True,val,A,20-200GeV,93.24894073366724,1304.3677285632787,271.0119247870713,0.06679859850698731,0.011935674133365591,0.0023814059301573067,15.481654977695825,98,0.0007444257531519227,0.0004550318470283865,4,0.0009147414785637409,436.5695393626081
wave1,w200_data_s0,data,0,200,4,True,val,A,all,225.0559422217936,9164.810153767747,364.4339034539528,0.08401424741905647,0.04131915393058446,0.002602336667630569,15.482794052115722,632,0.0007444257531519227,0.0007444257531519227,32,0.0012975941081627695,10095.745280850735
wave1,w200_data_s0,data,0,200,4,True,val,B,1-5GeV,2442.866265771954,45580.71432465554,3006.878188507898,1.1721605319112567,0.0001510836903794912,2.7283512536792998e-06,1181464.7237645744,219,29.06626263219181,194.32988753253255,14,239.1203764747729,31863.319386796837
wave1,w200_data_s0,data,0,200,4,True,val,B,5-20GeV,501.15773265383945,9728.235243426716,732.5281454314876,0.304339555985203,0.00014931728985325305,1.1314078661477397e-06,360379.6349347898,268,29.06626263219181,18.868742882830247,13,23.771840872143457,312.6197581884921
wave1,w200_data_s0,data,0,200,4,True,val,B,20-200GeV,434.37541554961354,2328.594796407625,732.3682118038732,0.22203088929144063,0.0002205515537288632,5.284313074449324e-06,104397.23230693299,94,29.06626263219181,8.451150669401386,5,6.659794481365111,77.86268877226932
wave1,w200_data_s0,data,0,200,4,True,val,B,all,809.1633502388049,19469.803882471297,1177.8798948064377,0.39607174391725897,0.00016150810313992004,2.080066503306957e-06,468725.43876780034,581,29.06626263219181,29.06626263219181,32,46.362551442712174,10372.636338919856
wave1,w200_data_s0,data,0,200,4,True,val,C,1-5GeV,295.83014969182386,3407.8504705548767,511.9697187312866,0.14688583366987557,0.0013982238414052253,6.866443316444154e-06,24.01565099967229,1541,1.9820198815523327e-06,2.8307738375588087e-06,18,6.750537906441423e-06,0.20163025035344614
wave1,w200_data_s0,data,0,200,4,True,val,C,5-20GeV,114.64849868482219,783.0161008104745,223.96189328488126,0.0557829821955097,6.889895023400307e-05,7.134683502409388e-06,3.982292308535307,901,1.9820198815523327e-06,6.594778056978612e-07,10,1.7530226159578888e-06,0.14228742605375028
wave1,w200_data_s0,data,0,200,4,True,val,C,20-200GeV,84.32249058466468,349.63778969403165,200.520134424667,0.039718790416407454,6.577796164697392e-05,1.9172005901235398e-05,0.6156453043622001,314,1.9820198815523327e-06,1.1178560299640594e-06,4,4.790932095488643e-07,0.009702852425164103
wave1,w200_data_s0,data,0,200,4,True,val,C,all,170.58967021939253,2149.12973523073,326.58119473137083,0.0817253287248472,0.0008118269861115524,7.659695716563632e-06,6.048405576626337,2756,1.9820198815523327e-06,1.9820198815523327e-06,32,5.807194725093723e-07,3.303541561407996
wave1,w200_data_s0,data,0,200,4,True,test,A,1-5GeV,491.6839869925833,26582.012624165833,722.4567140099967,0.16103812883395918,0.07374581848092733,0.005972123645878625,31.11023947234115,324,0.0007444257531519227,0.002909424121233517,19,0.0028088209010346255,7173.877347743397
wave1,w200_data_s0,data,0,200,4,True,test,A,5-20GeV,124.50918462663374,3566.4283262270146,223.71932962771092,0.05655137468561777,0.01693280488306123,0.0025064253548110604,9.80516663159503,191,0.0007444257531519227,0.020400536357767507,9,0.0005096686157557428,2306.1250752016567
wave1,w200_data_s0,data,0,200,4,True,test,A,20-200GeV,92.62237525079131,784.7001044571333,235.21826139522784,0.053178979898345705,0.01061315172788086,0.0027767046355949556,5.945399012586616,89,0.0007444257531519227,0.0004550318470283865,4,0.0009147414785637409,436.5695393626081
wave1,w200_data_s0,data,0,200,4,True,test,A,all,226.92238707811993,11190.13174683693,388.3555627088724,0.09372084618793855,0.046477452689183026,0.003331848760079541,10.945522383782214,604,0.0007444257531519227,0.0007444257531519227,32,0.0012975941081627695,10095.745280850735
wave1,w200_data_s0,data,0,200,4,True,test,B,1-5GeV,2327.7124704380867,33791.287279475684,2546.607929227548,1.2231693114352904,5.7162329429862464e-05,2.586833640758634e-06,1197127.786821343,191,29.06626263219181,194.32988753253255,14,239.1203764747729,31863.319386796837
wave1,w200_data_s0,data,0,200,4,True,test,B,5-20GeV,542.0271873922502,5530.482453455987,762.5576090119637,0.3151759169782997,3.619297585702033e-05,1.5552709503533153e-06,355193.23732396663,278,29.06626263219181,18.868742882830247,13,23.771840872143457,312.6197581884921
wave1,w200_data_s0,data,0,200,4,True,test,B,20-200GeV,393.28753968871763,1378.1454410254844,457.4373745955853,0.1928738177457423,3.9559600723107466e-05,4.995289015513622e-06,104910.80409850382,95,29.06626263219181,8.451150669401386,5,6.659794481365111,77.86268877226932
wave1,w200_data_s0,data,0,200,4,True,test,B,all,776.7034993810355,15877.688521150452,1032.5168939551475,0.36762945104056727,4.386137283342303e-05,2.2178552023563276e-06,444074.60985912883,564,29.06626263219181,29.06626263219181,32,46.362551442712174,10372.636338919856
wave1,w200_data_s0,data,0,200,4,True,test,C,1-5GeV,308.24998545415383,3405.250703792411,519.1213192911466,0.15410281663397196,0.002370035047441987,8.343062424277784e-06,20.65045648123487,1625,1.9820198815523327e-06,2.8307738375588087e-06,18,6.750537906441423e-06,0.20163025035344614
wave1,w200_data_s0,data,0,200,4,True,test,C,5-20GeV,108.05172878827918,808.3635528510767,217.25456210381734,0.0555325583792704,6.106303642788815e-05,5.1315483791620765e-06,4.010366603324655,857,1.9820198815523327e-06,6.594778056978612e-07,10,1.7530226159578888e-06,0.14228742605375028
wave1,w200_data_s0,data,0,200,4,True,test,C,20-200GeV,94.9190042954342,351.9002720699689,210.7456833052126,0.04107306602875796,9.222839455646294e-05,1.874979771751902e-05,0.7430259263347949,311,1.9820198815523327e-06,1.1178560299640594e-06,4,4.790932095488643e-07,0.009702852425164103
wave1,w200_data_s0,data,0,200,4,True,test,C,all,178.59458751818735,2083.5077834943836,326.02311182263577,0.08727038254116581,0.0014079201593336873,8.389182735422431e-06,6.63368461363234,2793,1.9820198815523327e-06,1.9820198815523327e-06,32,5.807194725093723e-07,3.303541561407996
wave1,w200_data_s1,data,1,200,4,True,val,A,1-5GeV,362.67415822775297,25360.03756866036,551.4581801941861,0.14660180843475978,0.07345736160247947,0.0035403121952248175,25.804742523524773,350,0.0007444257531519227,0.002909424121233517,19,0.0028088209010346255,7173.877347743397
wave1,w200_data_s1,data,1,200,4,True,val,A,5-20GeV,167.40621621370917,2688.285065122827,206.05710430917063,0.06016675255862691,0.01847454633437753,0.00729463057568257,11.007220319043443,184,0.0007444257531519227,0.020400536357767507,9,0.0005096686157557428,2306.1250752016567
wave1,w200_data_s1,data,1,200,4,True,val,A,20-200GeV,185.5705750815485,1037.3875055303924,213.96307524290995,0.06576809652074876,0.03409986375747963,0.011915805036311719,15.481654977695825,98,0.0007444257531519227,0.0004550318470283865,4,0.0009147414785637409,436.5695393626081
wave1,w200_data_s1,data,1,200,4,True,val,A,all,234.6572061320116,10862.821852850328,340.0296987875939,0.08334980037213655,0.05134680337757324,0.005468520408350657,15.482794052115722,632,0.0007444257531519227,0.0007444257531519227,32,0.0012975941081627695,10095.745280850735
wave1,w200_data_s1,data,1,200,4,True,val,B,1-5GeV,2132.1642791857585,49775.04746594051,2558.4791062899512,1.4818688312757677,0.0001447435223134073,2.613707786652324e-06,1181464.7237645744,219,29.06626263219181,194.32988753253255,14,239.1203764747729,31863.319386796837
wave1,w200_data_s1,data,1,200,4,True,val,B,5-20GeV,610.2697422533247,7773.922010090609,801.480199809788,0.33110024628948964,0.0002446137448690523,2.2836752145371992e-06,360379.6349347898,268,29.06626263219181,18.868742882830247,13,23.771840872143457,312.6197581884921
wave1,w200_data_s1,data,1,200,4,True,val,B,20-200GeV,548.1734113666761,2648.6351666380674,777.0793828796627,0.33607206366562636,0.0002551147676757459,5.417755164903994e-06,104397.23230693299,94,29.06626263219181,8.451150669401386,5,6.659794481365111,77.86268877226932
wave1,w200_data_s1,data,1,200,4,True,val,B,all,936.1147691111569,16133.387408025897,1257.3117083936295,0.4995008063252149,0.00020866799169201778,2.7417321334453622e-06,468725.43876780034,581,29.06626263219181,29.06626263219181,32,46.362551442712174,10372.636338919856
wave1,w200_data_s1,data,1,200,4,True,val,C,1-5GeV,315.4750095270522,3015.583797276861,501.90251538313646,0.16446506453171583,0.0026149939353773675,6.429874990327319e-06,24.01565099967229,1541,1.9820198815523327e-06,2.8307738375588087e-06,18,6.750537906441423e-06,0.20163025035344614
wave1,w200_data_s1,data,1,200,4,True,val,C,5-20GeV,129.51987159274836,877.4517398674107,216.56938801896786,0.0663709365502918,0.0001244332580425193,6.065217051675689e-06,3.982292308535307,901,1.9820198815523327e-06,6.594778056978612e-07,10,1.7530226159578888e-06,0.14228742605375028
wave1,w200_data_s1,data,1,200,4,True,val,C,20-200GeV,102.61331730986001,466.5557539524634,182.13336601586104,0.04348918528888002,0.00019553398661579613,1.1744795881174204e-05,0.6156453043622001,314,1.9820198815523327e-06,1.1178560299640594e-06,4,4.790932095488643e-07,0.009702852425164103
wave1,w200_data_s1,data,1,200,4,True,val,C,all,196.4752030652872,2006.9744854994979,320.3084232154689,0.09593601709681487,0.0015251152727540616,6.704502588636704e-06,6.048405576626337,2756,1.9820198815523327e-06,1.9820198815523327e-06,32,5.807194725093723e-07,3.303541561407996
wave1,w200_data_s1,data,1,200,4,True,test,A,1-5GeV,429.76664419577605,21668.978230434335,610.962896032052,0.1756956460502515,0.06979553273112672,0.003818082570030611,31.11023947234115,324,0.0007444257531519227,0.002909424121233517,19,0.0028088209010346255,7173.877347743397
wave1,w200_data_s1,data,1,200,4,True,test,A,5-20GeV,177.51383439725709,3474.37003554057,223.48375244219886,0.06370688759976817,0.019981517056448826,0.00887504880867925,9.80516663159503,191,0.0007444257531519227,0.020400536357767507,9,0.0005096686157557428,2306.1250752016567
wave1,w200_data_s1,data,1,200,4,True,test,A,20-200GeV,177.13073517710754,967.4482980748948,203.87359952479,0.05606444437216557,0.02919449848737778,0.01577598688662839,5.945399012586616,89,0.0007444257531519227,0.0004550318470283865,4,0.0009147414785637409,436.5695393626081
wave1,w200_data_s1,data,1,200,4,True,test,A,all,239.01314433598077,9620.630756895107,362.80862766454567,0.08503165517577405,0.048060484649078486,0.007726915200450296,10.945522383782214,604,0.0007444257531519227,0.0007444257531519227,32,0.0012975941081627695,10095.745280850735
wave1,w200_data_s1,data,1,200,4,True,test,B,1-5GeV,1975.2049592186722,42164.09307267327,2323.5736271618634,1.319751668611091,0.00010199016999684062,2.0381067046655568e-06,1197127.786821343,191,29.06626263219181,194.32988753253255,14,239.1203764747729,31863.319386796837
wave1,w200_data_s1,data,1,200,4,True,test,B,5-20GeV,671.1830947789394,5205.994584932153,892.5689698173471,0.369101295049027,2.0846710700137968e-05,2.0881836059231875e-06,355193.23732396663,278,29.06626263219181,18.868742882830247,13,23.771840872143457,312.6197581884921
wave1,w200_data_s1,data,1,200,4,True,test,B,20-200GeV,387.7350307638494,1592.1040128306338,544.0802502371724,0.2126573984324448,5.372544856412599e-05,3.948049449855207e-06,104910.80409850382,95,29.06626263219181,8.451150669401386,5,6.659794481365111,77.86268877226932
wave1,w200_data_s1,data,1,200,4,True,test,B,all,808.0485379252025,15098.41411586156,1167.6095196098117,0.4597409263158211,5.386422988940937e-05,2.3163508516910735e-06,444074.60985912883,564,29.06626263219181,29.06626263219181,32,46.362551442712174,10372.636338919856
wave1,w200_data_s1,data,1,200,4,True,test,C,1-5GeV,304.94552513673057,3591.453621249956,502.1043452582319,0.16304938259583193,0.0035873131350516517,7.518020336591192e-06,20.65045648123487,1625,1.9820198815523327e-06,2.8307738375588087e-06,18,6.750537906441423e-06,0.20163025035344614
wave1,w200_data_s1,data,1,200,4,True,test,C,5-20GeV,123.46146403049829,765.9965121668164,223.03424925070203,0.05903033186241413,0.0001357667657326121,4.354890666234507e-06,4.010366603324655,857,1.9820198815523327e-06,6.594778056978612e-07,10,1.7530226159578888e-06,0.14228742605375028
wave1,w200_data_s1,data,1,200,4,True,test,C,20-200GeV,116.08237738662552,325.6959423572994,184.78758720886822,0.04523330955285253,0.00022709597607832601,1.4580393363060242e-05,0.7430259263347949,311,1.9820198815523327e-06,1.1178560299640594e-06,4,4.790932095488643e-07,0.009702852425164103
wave1,w200_data_s1,data,1,200,4,True,test,C,all,201.45215178055764,2274.3338933351883,331.12320576205434,0.09362725005715444,0.002154086219567541,7.2625997406034585e-06,6.63368461363234,2793,1.9820198815523327e-06,1.9820198815523327e-06,32,5.807194725093723e-07,3.303541561407996
wave1,w200_data_s2,data,2,200,4,True,val,A,1-5GeV,297.5048947389592,24369.080085884576,515.0598635718467,0.13256172419823242,0.0480573125123736,0.003471236024386367,25.804742523524773,350,0.0007444257531519227,0.002909424121233517,19,0.0028088209010346255,7173.877347743397
wave1,w200_data_s2,data,2,200,4,True,val,A,5-20GeV,148.69700297712137,1909.8084022283692,241.29407241923752,0.04638457416903513,0.01774803096065686,0.001748738637122213,11.007220319043443,184,0.0007444257531519227,0.020400536357767507,9,0.0005096686157557428,2306.1250752016567
wave1,w200_data_s2,data,2,200,4,True,val,A,20-200GeV,123.66130878229353,850.4378446708257,175.16041231656564,0.04682915016483756,0.009675344332372523,0.0032460892217579,15.481654977695825,98,0.0007444257531519227,0.0004550318470283865,4,0.0009147414785637409,436.5695393626081
wave1,w200_data_s2,data,2,200,4,True,val,A,all,213.5204452934799,8620.163661811139,342.44399623481206,0.07802054339577005,0.03328145699472172,0.002633679254944203,15.482794052115722,632,0.0007444257531519227,0.0007444257531519227,32,0.0012975941081627695,10095.745280850735
wave1,w200_data_s2,data,2,200,4,True,val,B,1-5GeV,2004.9230785411964,42117.64971794219,2592.1782806386204,1.2070952680569014,0.00015398397041215344,1.9358855872069923e-06,1181464.7237645744,219,29.06626263219181,194.32988753253255,14,239.1203764747729,31863.319386796837
wave1,w200_data_s2,data,2,200,4,True,val,B,5-20GeV,582.6345446911887,8912.043944903622,672.3670247480413,0.27402933876530255,0.00023926035509729142,1.3028428545800315e-06,360379.6349347898,268,29.06626263219181,18.868742882830247,13,23.771840872143457,312.6197581884921
wave1,w200_data_s2,data,2,200,4,True,val,B,20-200GeV,512.0925142477618,3273.3132432473335,586.7063711878516,0.2519647700528729,0.0004978506172883907,5.079449373097258e-06,104397.23230693299,94,29.06626263219181,8.451150669401386,5,6.659794481365111,77.86268877226932
wave1,w200_data_s2,data,2,200,4,True,val,B,all,840.1055673680276,20080.697483521817,1086.9638997312804,0.42941148076358626,0.00024895391172365653,1.8229671767747473e-06,468725.43876780034,581,29.06626263219181,29.06626263219181,32,46.362551442712174,10372.636338919856
wave1,w200_data_s2,data,2,200,4,True,val,C,1-5GeV,276.0369098691058,2582.4767545924487,462.15803340398054,0.13419289015831337,0.001038838315917692,6.207441139046567e-06,24.01565099967229,1541,1.9820198815523327e-06,2.8307738375588087e-06,18,6.750537906441423e-06,0.20163025035344614
wave1,w200_data_s2,data,2,200,4,True,val,C,5-20GeV,125.4631073657606,712.94430259195,207.27343353291872,0.05193685185936325,8.118938145790366e-05,4.87379918237216e-06,3.982292308535307,901,1.9820198815523327e-06,6.594778056978612e-07,10,1.7530226159578888e-06,0.14228742605375028
wave1,w200_data_s2,data,2,200,4,True,val,C,20-200GeV,84.58687983407299,308.11614813706683,141.0436012619649,0.04168563230258883,8.236165681403008e-05,1.0871592519110316e-05,0.6156453043622001,314,1.9820198815523327e-06,1.1178560299640594e-06,4,4.790932095488643e-07,0.009702852425164103
wave1,w200_data_s2,data,2,200,4,True,val,C,all,175.90357383219236,1751.5310670258941,309.97232899315816,0.0807162294588818,0.0006167862981721116,6.200926553632216e-06,6.048405576626337,2756,1.9820198815523327e-06,1.9820198815523327e-06,32,5.807194725093723e-07,3.303541561407996
wave1,w200_data_s2,data,2,200,4,True,test,A,1-5GeV,379.20715273074075,26086.36261087796,580.3371153445067,0.1309510639496813,0.06943042753786022,0.0032955516547677993,31.11023947234115,324,0.0007444257531519227,0.002909424121233517,19,0.0028088209010346255,7173.877347743397
wave1,w200_data_s2,data,2,200,4,True,test,A,5-20GeV,147.12268880886126,3197.113717445987,236.5190478328688,0.04797028786822019,0.013768658364770517,0.0021968913140825823,9.80516663159503,191,0.0007444257531519227,0.020400536357767507,9,0.0005096686157557428,2306.1250752016567
wave1,w200_data_s2,data,2,200,4,True,test,A,20-200GeV,94.03476158495327,666.4266915179492,182.2527617072729,0.03404312189375647,0.010054507112369377,0.0034923173619548697,5.945399012586616,89,0.0007444257531519227,0.0004550318470283865,4,0.0009147414785637409,436.5695393626081
wave1,w200_data_s2,data,2,200,4,True,test,A,all,226.62269700242044,8298.818574222265,355.0968105011988,0.07694397307229234,0.04307967450817675,0.002860459402004953,10.945522383782214,604,0.0007444257531519227,0.0007444257531519227,32,0.0012975941081627695,10095.745280850735
wave1,w200_data_s2,data,2,200,4,True,test,B,1-5GeV,1818.1492286598768,35103.4270703066,2472.4621749927705,1.0540445401859833,9.876067018421503e-05,1.919007760280863e-06,1197127.786821343,191,29.06626263219181,194.32988753253255,14,239.1203764747729,31863.319386796837
wave1,w200_data_s2,data,2,200,4,True,test,B,5-20GeV,530.142655425994,6120.708166960938,654.8313051646915,0.2679027975657222,2.0843062203621906e-05,1.2523558398060593e-06,355193.23732396663,278,29.06626263219181,18.868742882830247,13,23.771840872143457,312.6197581884921
wave1,w200_data_s2,data,2,200,4,True,test,B,20-200GeV,374.754622718541,1170.1435651295603,401.653005310397,0.18410476630108946,5.282334881663303e-05,3.986126246509952e-06,104910.80409850382,95,29.06626263219181,8.451150669401386,5,6.659794481365111,77.86268877226932
wave1,w200_data_s2,data,2,200,4,True,test,B,all,697.0854627072072,12182.045459153596,964.1575586847182,0.34977924075176026,5.26168039634257e-05,1.9168960558187946e-06,444074.60985912883,564,29.06626263219181,29.06626263219181,32,46.362551442712174,10372.636338919856
wave1,w200_data_s2,data,2,200,4,True,test,C,1-5GeV,282.0118912065368,2966.230591498644,496.3779430811428,0.14107345943717603,0.002510984670375813,6.808554913360099e-06,20.65045648123487,1625,1.9820198815523327e-06,2.8307738375588087e-06,18,6.750537906441423e-06,0.20163025035344614
wave1,w200_data_s2,data,2,200,4,True,test,C,5-20GeV,116.44444114043395,689.8555889074653,195.60419963624054,0.05023286420778594,5.931274733373202e-05,4.9601905539689e-06,4.010366603324655,857,1.9820198815523327e-06,6.594778056978612e-07,10,1.7530226159578888e-06,0.14228742605375028
wave1,w200_data_s2,data,2,200,4,True,test,C,20-200GeV,98.02884543639846,283.93297310850585,144.04657559367706,0.0425790186627667,0.00013583807530253943,1.3790532882988046e-05,0.7430259263347949,311,1.9820198815523327e-06,1.1178560299640594e-06,4,4.790932095488643e-07,0.009702852425164103
wave1,w200_data_s2,data,2,200,4,True,test,C,all,181.66340987728802,1933.2400055980659,326.6630370237067,0.08398651505035944,0.001494245168365483,6.758877353653811e-06,6.63368461363234,2793,1.9820198815523327e-06,1.9820198815523327e-06,32,5.807194725093723e-07,3.303541561407996
wave1,w200_physics_s0,physics,0,200,4,True,val,A,1-5GeV,417.34588525745926,47785.77964491174,734.2542535186385,0.18230578029237218,0.07406450281591875,0.005881670225177161,25.804742523524773,350,0.0007444257531519227,0.002909424121233517,19,0.0028088209010346255,7173.877347743397
wave1,w200_physics_s0,physics,0,200,4,True,val,A,5-20GeV,165.15764287952638,4880.169453693075,237.6479758815043,0.05792036178562179,0.016791661447593528,0.005486906485537903,11.007220319043443,184,0.0007444257531519227,0.020400536357767507,9,0.0005096686157557428,2306.1250752016567
wave1,w200_physics_s0,physics,0,200,4,True,val,A,20-200GeV,110.79230790243777,3046.2626054863244,198.06309260036238,0.10442453330680593,0.019295064540982926,0.004920648492516545,15.481654977695825,98,0.0007444257531519227,0.0004550318470283865,4,0.0009147414785637409,436.5695393626081
wave1,w200_physics_s0,physics,0,200,4,True,val,A,all,245.46525568344475,21700.743564210083,444.816215116287,0.12491881338671379,0.04889740192554605,0.005273116252408302,15.482794052115722,632,0.0007444257531519227,0.0007444257531519227,32,0.0012975941081627695,10095.745280850735
wave1,w200_physics_s0,physics,0,200,4,True,val,B,1-5GeV,4935.523075231117,71332.00121629192,5748.133870035872,2.633212510403382,0.00036768623400096773,1.055373148493292e-05,1181464.7237645744,219,29.06626263219181,194.32988753253255,14,239.1203764747729,31863.319386796837
wave1,w200_physics_s0,physics,0,200,4,True,val,B,5-20GeV,1202.6410794701264,18595.596021804955,1631.9795974114584,0.4279627132164499,0.0002369304804859967,6.711399380270151e-06,360379.6349347898,268,29.06626263219181,18.868742882830247,13,23.771840872143457,312.6197581884921
wave1,w200_physics_s0,physics,0,200,4,True,val,B,20-200GeV,1250.1214470951538,9222.573206895931,1676.6924558369992,0.41590454147939077,0.0035599168998147047,2.9640063139147286e-05,104397.23230693299,94,29.06626263219181,8.451150669401386,5,6.659794481365111,77.86268877226932
wave1,w200_physics_s0,physics,0,200,4,True,val,B,all,1957.0895767188858,43710.82464480196,2595.626149519234,0.6720928183567287,0.0008238431025801056,9.950744721833297e-06,468725.43876780034,581,29.06626263219181,29.06626263219181,32,46.362551442712174,10372.636338919856
wave1,w200_physics_s0,physics,0,200,4,True,val,C,1-5GeV,363.5024972321901,4018.794688267917,655.7621351197724,0.19107214658603544,0.0014431208812523417,1.23391215282586e-05,24.01565099967229,1541,1.9820198815523327e-06,2.8307738375588087e-06,18,6.750537906441423e-06,0.20163025035344614
wave1,w200_physics_s0,physics,0,200,4,True,val,C,5-20GeV,133.99546620257752,861.317829030213,293.5154243518756,0.07639742349732463,8.566720765475024e-05,7.499963950534028e-06,3.982292308535307,901,1.9820198815523327e-06,6.594778056978612e-07,10,1.7530226159578888e-06,0.14228742605375028
wave1,w200_physics_s0,physics,0,200,4,True,val,C,20-200GeV,72.54645382266966,306.8896704938443,234.2478771393961,0.04269336362187383,7.918478800157523e-05,1.0940876387284653e-05,0.6156453043622001,314,1.9820198815523327e-06,1.1178560299640594e-06,4,4.790932095488643e-07,0.009702852425164103
wave1,w200_physics_s0,physics,0,200,4,True,val,C,all,213.78937401493658,2533.000420934847,421.0627567319136,0.11398004223356958,0.0008439402959141085,9.814579887271327e-06,6.048405576626337,2756,1.9820198815523327e-06,1.9820198815523327e-06,32,5.807194725093723e-07,3.303541561407996
wave1,w200_physics_s0,physics,0,200,4,True,test,A,1-5GeV,514.8994499116563,49360.78660226104,827.8846838127397,0.21994574089005692,0.08844814621280613,0.005635927383706883,31.11023947234115,324,0.0007444257531519227,0.002909424121233517,19,0.0028088209010346255,7173.877347743397
wave1,w200_physics_s0,physics,0,200,4,True,test,A,5-20GeV,159.76130085867578,7537.989739295426,230.35401065360216,0.060756202089978784,0.01864218120187138,0.005481000928927875,9.80516663159503,191,0.0007444257531519227,0.020400536357767507,9,0.0005096686157557428,2306.1250752016567
wave1,w200_physics_s0,physics,0,200,4,True,test,A,20-200GeV,98.71486895401694,2010.1266077602243,189.27859303003646,0.07207386291313393,0.010322594068811992,0.005834579595755214,5.945399012586616,89,0.0007444257531519227,0.0004550318470283865,4,0.0009147414785637409,436.5695393626081
wave1,w200_physics_s0,physics,0,200,4,True,test,A,all,277.4199138403253,25549.484006342667,443.3795288870982,0.127578142223278,0.054861865653362395,0.005790299056628039,10.945522383782214,604,0.0007444257531519227,0.0007444257531519227,32,0.0012975941081627695,10095.745280850735
wave1,w200_physics_s0,physics,0,200,4,True,test,B,1-5GeV,4650.133102438758,67170.23944519588,5135.157363433478,1.8518804315776418,0.00024904962282917056,1.16925018667727e-05,1197127.786821343,191,29.06626263219181,194.32988753253255,14,239.1203764747729,31863.319386796837
wave1,w200_physics_s0,physics,0,200,4,True,test,B,5-20GeV,1293.719714311095,19017.496893950272,1569.6706895537886,0.47091011233784014,0.0001679747074213589,6.8508033692150265e-06,355193.23732396663,278,29.06626263219181,18.868742882830247,13,23.771840872143457,312.6197581884921
wave1,w200_physics_s0,physics,0,200,4,True,test,B,20-200GeV,939.6391290823658,4760.686540249958,1232.1780195206456,0.3083736142749649,0.00030448928103845327,2.6995801748563632e-05,104910.80409850382,95,29.06626263219181,8.451150669401386,5,6.659794481365111,77.86268877226932
wave1,w200_physics_s0,physics,0,200,4,True,test,B,all,1700.9615918356076,33543.53775078175,2255.2987731532994,0.5800157410754594,0.0002184254048265291,1.0106881588347809e-05,444074.60985912883,564,29.06626263219181,29.06626263219181,32,46.362551442712174,10372.636338919856
wave1,w200_physics_s0,physics,0,200,4,True,test,C,1-5GeV,353.1192526464295,3771.107023241343,676.387504087252,0.1847436935806107,0.0028110467212433075,1.321134529773837e-05,20.65045648123487,1625,1.9820198815523327e-06,2.8307738375588087e-06,18,6.750537906441423e-06,0.20163025035344614
wave1,w200_physics_s0,physics,0,200,4,True,test,C,5-20GeV,130.86435968835275,834.5437352942394,289.85830688314354,0.07434782217321731,6.588729823429398e-05,6.087288322650848e-06,4.010366603324655,857,1.9820198815523327e-06,6.594778056978612e-07,10,1.7530226159578888e-06,0.14228742605375028
wave1,w200_physics_s0,physics,0,200,4,True,test,C,20-200GeV,78.41373508437587,330.96431279622607,248.9629151702548,0.04593527333364433,0.00042047111351965007,1.1957491140289235e-05,0.7430259263347949,311,1.9820198815523327e-06,1.1178560299640594e-06,4,4.790932095488643e-07,0.009702852425164103
wave1,w200_physics_s0,physics,0,200,4,True,test,C,all,212.71288801947463,2714.783098672732,419.0625270699968,0.11682995092599305,0.001702535930151012,1.077624976159881e-05,6.63368461363234,2793,1.9820198815523327e-06,1.9820198815523327e-06,32,5.807194725093723e-07,3.303541561407996
wave1,w200_physics_s1,physics,1,200,4,True,val,A,1-5GeV,383.54027319317015,63868.618778375865,597.9401038813628,0.25163690258788673,0.076228122856836,0.002254330384226238,25.804742523524773,350,0.0007444257531519227,0.002909424121233517,19,0.0028088209010346255,7173.877347743397
wave1,w200_physics_s1,physics,1,200,4,True,val,A,5-20GeV,123.50435768570944,7780.433006648545,233.04184075978986,0.11261221137575522,0.01600296145324365,0.0023478518372288797,11.007220319043443,184,0.0007444257531519227,0.020400536357767507,9,0.0005096686157557428,2306.1250752016567
wave1,w200_physics_s1,physics,1,200,4,True,val,A,20-200GeV,123.59576983269378,3129.5384832828913,239.41292666349483,0.13539010530891432,0.011691615437425808,0.003932982525870603,15.481654977695825,98,0.0007444257531519227,0.0004550318470283865,4,0.0009147414785637409,436.5695393626081
wave1,w200_physics_s1,physics,1,200,4,True,val,A,all,204.63911480512886,26881.46868097627,390.1168651102738,0.1665313041687294,0.04868697186733727,0.0027901414673134955,15.482794052115722,632,0.0007444257531519227,0.0007444257531519227,32,0.0012975941081627695,10095.745280850735
wave1,w200_physics_s1,physics,1,200,4,True,val,B,1-5GeV,4176.132421036073,56322.30863207659,6500.305231256334,2.0351188037612546,0.00030796912408957337,1.0039594950618839e-05,1181464.7237645744,219,29.06626263219181,194.32988753253255,14,239.1203764747729,31863.319386796837
wave1,w200_physics_s1,physics,1,200,4,True,val,B,5-20GeV,1378.3058501335192,13163.978566764994,1881.9434421502308,0.447977317269449,0.00036064398451199906,7.622990821487564e-06,360379.6349347898,268,29.06626263219181,18.868742882830247,13,23.771840872143457,312.6197581884921
wave1,w200_physics_s1,physics,1,200,4,True,val,B,20-200GeV,1352.5885015988165,5363.488579659033,1697.1609793161092,0.3726201263769494,0.0027767763630809576,4.485524469511179e-05,104397.23230693299,94,29.06626263219181,8.451150669401386,5,6.659794481365111,77.86268877226932
wave1,w200_physics_s1,physics,1,200,4,True,val,B,all,1791.5610938933355,40274.33897159153,2541.8768051567326,0.6489401245718327,0.000731695015756355,1.0561734043771133e-05,468725.43876780034,581,29.06626263219181,29.06626263219181,32,46.362551442712174,10372.636338919856
wave1,w200_physics_s1,physics,1,200,4,True,val,C,1-5GeV,364.37003679793634,2926.5082787875567,591.8987689559714,0.17544847759592627,0.0014921882131740771,7.491036750654983e-06,24.01565099967229,1541,1.9820198815523327e-06,2.8307738375588087e-06,18,6.750537906441423e-06,0.20163025035344614
wave1,w200_physics_s1,physics,1,200,4,True,val,C,5-20GeV,161.59266560498153,1032.8062117216632,233.75117911092147,0.06712065999393661,0.00011926690796992714,9.546974122428596e-06,3.982292308535307,901,1.9820198815523327e-06,6.594778056978612e-07,10,1.7530226159578888e-06,0.14228742605375028
wave1,w200_physics_s1,physics,1,200,4,True,val,C,20-200GeV,82.09143365893735,374.93149352896233,147.8365074580945,0.03593475919061277,0.00012888256913084185,2.2347018393947316e-05,0.6156453043622001,314,1.9820198815523327e-06,1.1178560299640594e-06,4,4.790932095488643e-07,0.009702852425164103
wave1,w200_physics_s1,physics,1,200,4,True,val,C,all,227.48495679284986,2239.9242807553037,383.8781275468932,0.11115401540608832,0.0008880227312370255,8.900121189145792e-06,6.048405576626337,2756,1.9820198815523327e-06,1.9820198815523327e-06,32,5.807194725093723e-07,3.303541561407996
wave1,w200_physics_s1,physics,1,200,4,True,test,A,1-5GeV,363.85262890293535,62473.20165131376,643.207490268738,0.27531139273161837,0.06830993403914656,0.0039295884707373305,31.11023947234115,324,0.0007444257531519227,0.002909424121233517,19,0.0028088209010346255,7173.877347743397
wave1,w200_physics_s1,physics,1,200,4,True,test,A,5-20GeV,115.28183836442918,7292.037543495042,238.91103704873595,0.11781212375411299,0.017681456760639404,0.0028476389632295157,9.80516663159503,191,0.0007444257531519227,0.020400536357767507,9,0.0005096686157557428,2306.1250752016567
wave1,w200_physics_s1,physics,1,200,4,True,test,A,20-200GeV,94.3156129318674,2057.1121388060865,232.2291072500926,0.10879768562830142,0.010521045628896285,0.004537537779572186,5.945399012586616,89,0.0007444257531519227,0.0004550318470283865,4,0.0009147414785637409,436.5695393626081
wave1,w200_physics_s1,physics,1,200,4,True,test,A,all,200.74828778885623,23140.24984677245,353.2797035827101,0.17429393915613509,0.0437846853161215,0.003792812104009313,10.945522383782214,604,0.0007444257531519227,0.0007444257531519227,32,0.0012975941081627695,10095.745280850735
wave1,w200_physics_s1,physics,1,200,4,True,test,B,1-5GeV,4214.340370417403,68397.12378010666,5270.679643894255,1.8754306093506923,0.000777475454437474,1.0735593093642567e-05,1197127.786821343,191,29.06626263219181,194.32988753253255,14,239.1203764747729,31863.319386796837
wave1,w200_physics_s1,physics,1,200,4,True,test,B,5-20GeV,1336.858456938785,15070.251642172705,1908.5473535579035,0.4432644529545199,0.00015654789771405323,7.645326337721815e-06,355193.23732396663,278,29.06626263219181,18.868742882830247,13,23.771840872143457,312.6197581884921
wave1,w200_physics_s1,physics,1,200,4,True,test,B,20-200GeV,1177.5645835468822,3746.611128580012,1368.9325048685248,0.25374098313332577,0.00032922724004805335,2.8478641841052262e-05,104910.80409850382,95,29.06626263219181,8.451150669401386,5,6.659794481365111,77.86268877226932
wave1,w200_physics_s1,physics,1,200,4,True,test,B,all,1740.3107974483305,30922.810882660335,2402.4929740637617,0.5799490757018438,0.0003959126155436691,1.1914788885499373e-05,444074.60985912883,564,29.06626263219181,29.06626263219181,32,46.362551442712174,10372.636338919856
wave1,w200_physics_s1,physics,1,200,4,True,test,C,1-5GeV,356.711116573269,3643.138925440954,550.6764717048718,0.19643082014333957,0.0026657457501737913,1.0451924856580394e-05,20.65045648123487,1625,1.9820198815523327e-06,2.8307738375588087e-06,18,6.750537906441423e-06,0.20163025035344614
wave1,w200_physics_s1,physics,1,200,4,True,test,C,5-20GeV,152.47612988247283,966.897561019256,234.25933853890336,0.06483679953869087,0.00012751352586665634,9.028267085835843e-06,4.010366603324655,857,1.9820198815523327e-06,6.594778056978612e-07,10,1.7530226159578888e-06,0.14228742605375028
wave1,w200_physics_s1,physics,1,200,4,True,test,C,20-200GeV,90.90741471736496,403.0676783021079,150.26724841314376,0.036869660273803,0.00045432766974755465,2.7164125843462664e-05,0.7430259263347949,311,1.9820198815523327e-06,1.1178560299640594e-06,4,4.790932095488643e-07,0.009702852425164103
wave1,w200_physics_s1,physics,1,200,4,True,test,C,all,234.73196460335632,2302.4607690885896,390.33326063859164,0.11314906608556052,0.0016406773508741948,1.1379286600815074e-05,6.63368461363234,2793,1.9820198815523327e-06,1.9820198815523327e-06,32,5.807194725093723e-07,3.303541561407996
wave1,w200_physics_s2,physics,2,200,4,True,val,A,1-5GeV,386.0260386734824,58454.84108303395,667.6144655584735,0.23047359565868397,0.06991713797335088,0.004180874299891644,25.804742523524773,350,0.0007444257531519227,0.002909424121233517,19,0.0028088209010346255,7173.877347743397
wave1,w200_physics_s2,physics,2,200,4,True,val,A,5-20GeV,125.49926730750457,7898.860417915861,297.28080891091133,0.08168006066037667,0.013588172701349363,0.0027910357869752643,11.007220319043443,184,0.0007444257531519227,0.020400536357767507,9,0.0005096686157557428,2306.1250752016567
wave1,w200_physics_s2,physics,2,200,4,True,val,A,20-200GeV,106.12326055250915,3469.6337093881107,402.6579721772514,0.051041763499171805,0.016200471135537516,0.0028447947080420272,15.481654977695825,98,0.0007444257531519227,0.0004550318470283865,4,0.0009147414785637409,436.5695393626081
wave1,w200_physics_s2,physics,2,200,4,True,val,A,all,231.05832616544131,22896.04692129971,477.08834889311106,0.12402356915046028,0.04518808265665153,0.0030613767059465844,15.482794052115722,632,0.0007444257531519227,0.0007444257531519227,32,0.0012975941081627695,10095.745280850735
wave1,w200_physics_s2,physics,2,200,4,True,val,B,1-5GeV,4794.373638784691,76806.44828572497,5964.394544595052,2.098163869008407,0.00042859123776211466,1.2567411895337967e-05,1181464.7237645744,219,29.06626263219181,194.32988753253255,14,239.1203764747729,31863.319386796837
wave1,w200_physics_s2,physics,2,200,4,True,val,B,5-20GeV,1374.199420557506,17301.752623507302,1823.9921464459314,0.5882694730730276,0.0003345911217588076,8.63850660379047e-06,360379.6349347898,268,29.06626263219181,18.868742882830247,13,23.771840872143457,312.6197581884921
wave1,w200_physics_s2,physics,2,200,4,True,val,B,20-200GeV,1422.022115639571,8092.188436748538,1722.7320875185983,0.392721909901389,0.002000691223147635,4.4006118392254034e-05,104397.23230693299,94,29.06626263219181,8.451150669401386,5,6.659794481365111,77.86268877226932
wave1,w200_physics_s2,physics,2,200,4,True,val,B,all,2116.1481482122326,39218.81098099539,2669.311710245154,0.7811785693709605,0.0006395815433341502,1.2712750045650883e-05,468725.43876780034,581,29.06626263219181,29.06626263219181,32,46.362551442712174,10372.636338919856
wave1,w200_physics_s2,physics,2,200,4,True,val,C,1-5GeV,289.82542930225463,2937.1490249229737,545.9984561841793,0.2107722305478288,0.0015203360743747034,6.31558381475419e-06,24.01565099967229,1541,1.9820198815523327e-06,2.8307738375588087e-06,18,6.750537906441423e-06,0.20163025035344614
wave1,w200_physics_s2,physics,2,200,4,True,val,C,5-20GeV,107.9051685475747,970.7916291151832,255.5488862573023,0.07672968069653147,6.99496652870925e-05,4.986198550130539e-06,3.982292308535307,901,1.9820198815523327e-06,6.594778056978612e-07,10,1.7530226159578888e-06,0.14228742605375028
wave1,w200_physics_s2,physics,2,200,4,True,val,C,20-200GeV,88.96539342866183,375.69870006282815,174.69801511927852,0.04870577572586767,0.00010150123090603641,2.6277450947597026e-05,0.6156453043622001,314,1.9820198815523327e-06,1.1178560299640594e-06,4,4.790932095488643e-07,0.009702852425164103
wave1,w200_physics_s2,physics,2,200,4,True,val,C,all,167.60189187369122,2033.4291554123567,365.3906676004377,0.12288675497802715,0.0008845188409069605,6.575700050495007e-06,6.048405576626337,2756,1.9820198815523327e-06,1.9820198815523327e-06,32,5.807194725093723e-07,3.303541561407996
wave1,w200_physics_s2,physics,2,200,4,True,test,A,1-5GeV,438.2068128622977,57477.28451915529,793.8096536866972,0.2647799314225499,0.06392046058526706,0.003948522244684282,31.11023947234115,324,0.0007444257531519227,0.002909424121233517,19,0.0028088209010346255,7173.877347743397
wave1,w200_physics_s2,physics,2,200,4,True,test,A,5-20GeV,123.85348197071266,6984.802605452522,317.23566924376854,0.07539302374992563,0.013266624253546187,0.003530316889925909,9.80516663159503,191,0.0007444257531519227,0.020400536357767507,9,0.0005096686157557428,2306.1250752016567
wave1,w200_physics_s2,physics,2,200,4,True,test,A,20-200GeV,80.8823897152281,2770.666581514647,352.8842718069901,0.04107420617655011,0.010637380345749447,0.004044088193631711,5.945399012586616,89,0.0007444257531519227,0.0004550318470283865,4,0.0009147414785637409,436.5695393626081
wave1,w200_physics_s2,physics,2,200,4,True,test,A,all,202.29551094322824,21024.38907398552,480.3842364567063,0.1377171890706852,0.04005112800136681,0.0038675559555531105,10.945522383782214,604,0.0007444257531519227,0.0007444257531519227,32,0.0012975941081627695,10095.745280850735
wave1,w200_physics_s2,physics,2,200,4,True,test,B,1-5GeV,4170.373049760656,65221.801871290605,4764.67376083383,1.5692284632660147,0.000186176314067867,9.451969162796164e-06,1197127.786821343,191,29.06626263219181,194.32988753253255,14,239.1203764747729,31863.319386796837
wave1,w200_physics_s2,physics,2,200,4,True,test,B,5-20GeV,1591.3607630157057,17733.4373834902,2001.092017218589,0.5489968763389419,0.00021629226083962882,1.0593788860818545e-05,355193.23732396663,278,29.06626263219181,18.868742882830247,13,23.771840872143457,312.6197581884921
wave1,w200_physics_s2,physics,2,200,4,True,test,B,20-200GeV,1273.4812487788076,5236.053487294293,1454.5517148816564,0.3425064503968511,0.0005302799852275099,5.049696890655658e-05,104910.80409850382,95,29.06626263219181,8.451150669401386,5,6.659794481365111,77.86268877226932
wave1,w200_physics_s2,physics,2,200,4,True,test,B,all,1946.0276853456264,31843.611332671182,2537.3415874322236,0.6737209040436134,0.0002589814239308384,1.3797924770619904e-05,444074.60985912883,564,29.06626263219181,29.06626263219181,32,46.362551442712174,10372.636338919856
wave1,w200_physics_s2,physics,2,200,4,True,test,C,1-5GeV,281.50431736054315,3460.4536594849005,550.3750854904367,0.2036512549631886,0.002108168094339067,7.10057550647953e-06,20.65045648123487,1625,1.9820198815523327e-06,2.8307738375588087e-06,18,6.750537906441423e-06,0.20163025035344614
wave1,w200_physics_s2,physics,2,200,4,True,test,C,5-20GeV,105.94192683083747,760.9095341907389,249.76180175565332,0.07295075993052347,6.883303087177306e-05,5.7128242969942665e-06,4.010366603324655,857,1.9820198815523327e-06,6.594778056978612e-07,10,1.7530226159578888e-06,0.14228742605375028
wave1,w200_physics_s2,physics,2,200,4,True,test,C,20-200GeV,94.13102208182345,522.1272253770906,177.50832069949672,0.04316126267841407,0.00020399871235317153,2.8515339064780312e-05,0.7430259263347949,311,1.9820198815523327e-06,1.1178560299640594e-06,4,4.790932095488643e-07,0.009702852425164103
wave1,w200_physics_s2,physics,2,200,4,True,test,C,all,164.69839044273726,2240.144333993442,366.62052962913094,0.12507532523011766,0.0012703926460078518,7.501652566985737e-06,6.63368461363234,2793,1.9820198815523327e-06,1.9820198815523327e-06,32,5.807194725093723e-07,3.303541561407996
wave1,w200_physics_s3,physics,3,200,4,True,val,A,1-5GeV,308.4332228965728,47172.347944890826,610.2581315330341,0.1966217497193709,0.06760702241708842,0.0028771912202371144,25.804742523524773,350,0.0007444257531519227,0.002909424121233517,19,0.0028088209010346255,7173.877347743397
wave1,w200_physics_s3,physics,3,200,4,True,val,A,5-20GeV,121.3611749763055,5834.182985633871,223.31498663735587,0.04100184569982325,0.013666519870463426,0.0017621465560530578,11.007220319043443,184,0.0007444257531519227,0.020400536357767507,9,0.0005096686157557428,2306.1250752016567
wave1,w200_physics_s3,physics,3,200,4,True,val,A,20-200GeV,93.31917877628305,3114.310212034091,212.91105757392754,0.08230302887740452,0.011394063459349837,0.002795089750949208,15.481654977695825,98,0.0007444257531519227,0.0004550318470283865,4,0.0009147414785637409,436.5695393626081
wave1,w200_physics_s3,physics,3,200,4,True,val,A,all,196.5422344601396,21395.673643370723,410.02804483174816,0.12101021812788464,0.043186259052472316,0.0022991544696138754,15.482794052115722,632,0.0007444257531519227,0.0007444257531519227,32,0.0012975941081627695,10095.745280850735
wave1,w200_physics_s3,physics,3,200,4,True,val,B,1-5GeV,4845.275316092739,68661.61166951842,5388.681176466434,2.099675379842514,0.00031277269068783376,1.0639184276963276e-05,1181464.7237645744,219,29.06626263219181,194.32988753253255,14,239.1203764747729,31863.319386796837
wave1,w200_physics_s3,physics,3,200,4,True,val,B,5-20GeV,994.3086019367194,16729.28451957471,1396.0799305245787,0.3850764180147112,0.000375412641764577,4.972616625817836e-06,360379.6349347898,268,29.06626263219181,18.868742882830247,13,23.771840872143457,312.6197581884921
wave1,w200_physics_s3,physics,3,200,4,True,val,B,20-200GeV,1068.9156167614797,5779.117287073393,1574.1279156435867,0.3899835267051621,0.0016894863920903413,3.967344448820526e-05,104397.23230693299,94,29.06626263219181,8.451150669401386,5,6.659794481365111,77.86268877226932
wave1,w200_physics_s3,physics,3,200,4,True,val,B,all,1767.2822625831373,37532.85686068784,2324.7350828034428,0.5700879476622789,0.0005644053840103861,8.420070131648645e-06,468725.43876780034,581,29.06626263219181,29.06626263219181,32,46.362551442712174,10372.636338919856
wave1,w200_physics_s3,physics,3,200,4,True,val,C,1-5GeV,320.27353794580904,3084.8894040042296,569.3438103922084,0.1821033098590788,0.001480767842500221,8.01731188449872e-06,24.01565099967229,1541,1.9820198815523327e-06,2.8307738375588087e-06,18,6.750537906441423e-06,0.20163025035344614
wave1,w200_physics_s3,physics,3,200,4,True,val,C,5-20GeV,141.16212682908014,851.3463974344404,252.6519285582367,0.06132664530290877,0.00011464846872340063,6.768361390604464e-06,3.982292308535307,901,1.9820198815523327e-06,6.594778056978612e-07,10,1.7530226159578888e-06,0.14228742605375028
wave1,w200_physics_s3,physics,3,200,4,True,val,C,20-200GeV,138.38508649719398,399.20392671611273,170.7339458204873,0.0399721966608097,0.0001440074474766794,1.6508649907047065e-05,0.6156453043622001,314,1.9820198815523327e-06,1.1178560299640594e-06,4,4.790932095488643e-07,0.009702852425164103
wave1,w200_physics_s3,physics,3,200,4,True,val,C,all,207.76817597248743,2087.5659252202468,384.5979060714626,0.1015035182095475,0.0008818504550509078,8.348630624534464e-06,6.048405576626337,2756,1.9820198815523327e-06,1.9820198815523327e-06,32,5.807194725093723e-07,3.303541561407996
wave1,w200_physics_s3,physics,3,200,4,True,test,A,1-5GeV,434.48289821318576,53166.42242264176,743.527209126943,0.18447295425888693,0.08490273296507664,0.004706878185985494,31.11023947234115,324,0.0007444257531519227,0.002909424121233517,19,0.0028088209010346255,7173.877347743397
wave1,w200_physics_s3,physics,3,200,4,True,test,A,5-20GeV,108.70324381214047,5320.193046770896,226.36551180861807,0.050419367257519,0.013957974852827184,0.002578057202754689,9.80516663159503,191,0.0007444257531519227,0.020400536357767507,9,0.0005096686157557428,2306.1250752016567
wave1,w200_physics_s3,physics,3,200,4,True,test,A,20-200GeV,97.82717011100894,933.0212085324223,176.02942562206613,0.037647589986346264,0.012673153088645785,0.004288384663742411,5.945399012586616,89,0.0007444257531519227,0.0004550318470283865,4,0.0009147414785637409,436.5695393626081
wave1,w200_physics_s3,physics,3,200,4,True,test,A,all,220.55749311171058,21621.90584984866,423.2216943986038,0.09692265073433029,0.0518251147391793,0.0032833872399154152,10.945522383782214,604,0.0007444257531519227,0.0007444257531519227,32,0.0012975941081627695,10095.745280850735
wave1,w200_physics_s3,physics,3,200,4,True,test,B,1-5GeV,4281.817596211454,56139.34472275196,5302.611369921124,1.9626660128334306,0.00017347309739500262,7.545755596049445e-06,1197127.786821343,191,29.06626263219181,194.32988753253255,14,239.1203764747729,31863.319386796837
wave1,w200_physics_s3,physics,3,200,4,True,test,B,5-20GeV,1159.1513634983528,15784.41040631902,1600.809608850625,0.3980307318835778,0.00016879819115916736,5.330148000683316e-06,355193.23732396663,278,29.06626263219181,18.868742882830247,13,23.771840872143457,312.6197581884921
wave1,w200_physics_s3,physics,3,200,4,True,test,B,20-200GeV,686.3638812222881,3464.051361222755,936.6915590207725,0.2696453567007546,0.0001530388150035446,2.00207005545945e-05,104910.80409850382,95,29.06626263219181,8.451150669401386,5,6.659794481365111,77.86268877226932
wave1,w200_physics_s3,physics,3,200,4,True,test,B,all,1632.039673309805,31618.111906260518,2125.7927571347464,0.512872404104494,0.00016772685491140205,7.08031836924764e-06,444074.60985912883,564,29.06626263219181,29.06626263219181,32,46.362551442712174,10372.636338919856
wave1,w200_physics_s3,physics,3,200,4,True,test,C,1-5GeV,320.3964960448147,3368.0767172199376,582.7154228023908,0.17742250319627284,0.0025081781104403875,8.452792880716623e-06,20.65045648123487,1625,1.9820198815523327e-06,2.8307738375588087e-06,18,6.750537906441423e-06,0.20163025035344614
wave1,w200_physics_s3,physics,3,200,4,True,test,C,5-20GeV,141.91992955428566,825.8435277836699,244.67092288008786,0.06684669179203573,9.356223050818736e-05,5.8366098443574495e-06,4.010366603324655,857,1.9820198815523327e-06,6.594778056978612e-07,10,1.7530226159578888e-06,0.14228742605375028
wave1,w200_physics_s3,physics,3,200,4,True,test,C,20-200GeV,139.44857710133653,324.0284900418793,179.50274347784756,0.04016901098746056,0.00021244747175220273,1.795724264038886e-05,0.7430259263347949,311,1.9820198815523327e-06,1.1178560299640594e-06,4,4.790932095488643e-07,0.009702852425164103
wave1,w200_physics_s3,physics,3,200,4,True,test,C,all,214.03878539221387,2231.073793093651,389.6297751178963,0.10567860386106326,0.0015116517811407384,8.278771402285393e-06,6.63368461363234,2793,1.9820198815523327e-06,1.9820198815523327e-06,32,5.807194725093723e-07,3.303541561407996
wave1,w200_physics_s4,physics,4,200,4,True,val,A,1-5GeV,367.27298386243,44626.404549954525,664.0763995384837,0.2382594258042961,0.06809908594997434,0.005812322858349185,25.804742523524773,350,0.0007444257531519227,0.002909424121233517,19,0.0028088209010346255,7173.877347743397
wave1,w200_physics_s4,physics,4,200,4,True,val,A,5-20GeV,160.56604493112297,4969.1765617818,230.01012658159925,0.10469067238451976,0.02221347000850285,0.004319757261602457,11.007220319043443,184,0.0007444257531519227,0.020400536357767507,9,0.0005096686157557428,2306.1250752016567
wave1,w200_physics_s4,physics,4,200,4,True,val,A,20-200GeV,139.55256417240864,2233.8436529050637,286.51915545864927,0.06256630848271769,0.020967159719985726,0.0099531982074028,15.481654977695825,98,0.0007444257531519227,0.0004550318470283865,4,0.0009147414785637409,436.5695393626081
wave1,w200_physics_s4,physics,4,200,4,True,val,A,all,222.05951308883573,22672.580132103067,443.5491098149986,0.15986662278788533,0.04743155097565529,0.006369809125375839,15.482794052115722,632,0.0007444257531519227,0.0007444257531519227,32,0.0012975941081627695,10095.745280850735
wave1,w200_physics_s4,physics,4,200,4,True,val,B,1-5GeV,4723.640869560086,79312.26266844988,5595.658696123792,1.9448710366878341,0.000281230297470469,1.1574120244728403e-05,1181464.7237645744,219,29.06626263219181,194.32988753253255,14,239.1203764747729,31863.319386796837
wave1,w200_physics_s4,physics,4,200,4,True,val,B,5-20GeV,1202.9478250074703,17884.74483384573,1645.2542951840173,0.3393524160841457,0.0003371379553006167,6.267422294841653e-06,360379.6349347898,268,29.06626263219181,18.868742882830247,13,23.771840872143457,312.6197581884921
wave1,w200_physics_s4,physics,4,200,4,True,val,B,20-200GeV,909.2593619934099,8659.755632603385,1578.5542433761998,0.32345285940611584,0.0007502034390018136,2.0532940726507146e-05,104397.23230693299,94,29.06626263219181,8.451150669401386,5,6.659794481365111,77.86268877226932
wave1,w200_physics_s4,physics,4,200,4,True,val,B,all,1731.382973010568,41438.370457871315,2402.017504409798,0.6306969863051348,0.0003828942004006341,9.990852820982181e-06,468725.43876780034,581,29.06626263219181,29.06626263219181,32,46.362551442712174,10372.636338919856
wave1,w200_physics_s4,physics,4,200,4,True,val,C,1-5GeV,327.37246044645826,3236.626172633862,555.1403724903139,0.18041871401951182,0.000987699055261408,7.649334632583986e-06,24.01565099967229,1541,1.9820198815523327e-06,2.8307738375588087e-06,18,6.750537906441423e-06,0.20163025035344614
wave1,w200_physics_s4,physics,4,200,4,True,val,C,5-20GeV,116.08323118924879,955.4994316295051,221.5156379267995,0.06620428764328445,9.214247241976479e-05,5.454929113562516e-06,3.982292308535307,901,1.9820198815523327e-06,6.594778056978612e-07,10,1.7530226159578888e-06,0.14228742605375028
wave1,w200_physics_s4,physics,4,200,4,True,val,C,20-200GeV,67.74552791283561,379.19360816176453,130.2297455783581,0.04930729255807429,7.65375744297289e-05,1.3710964518075349e-05,0.6156453043622001,314,1.9820198815523327e-06,1.1178560299640594e-06,4,4.790932095488643e-07,0.009702852425164103
wave1,w200_physics_s4,physics,4,200,4,True,val,C,all,203.65834806787808,2292.176427176997,352.2024209964911,0.10754775142924028,0.0005911093650867099,7.379375369528804e-06,6.048405576626337,2756,1.9820198815523327e-06,1.9820198815523327e-06,32,5.807194725093723e-07,3.303541561407996
wave1,w200_physics_s4,physics,4,200,4,True,test,A,1-5GeV,495.4900704151389,62094.95835738927,782.9555814233133,0.23228100961462544,0.09075276488967245,0.006792266435217614,31.11023947234115,324,0.0007444257531519227,0.002909424121233517,19,0.0028088209010346255,7173.877347743397
wave1,w200_physics_s4,physics,4,200,4,True,test,A,5-20GeV,163.49398965874872,9696.13524464421,237.18351934722114,0.10852089252432959,0.016514952912860006,0.00545521301081124,9.80516663159503,191,0.0007444257531519227,0.020400536357767507,9,0.0005096686157557428,2306.1250752016567
wave1,w200_physics_s4,physics,4,200,4,True,test,A,20-200GeV,137.37884334717543,1681.7569381284325,203.2310443714822,0.04339399112760281,0.01345430139876445,0.008797813307809906,5.945399012586616,89,0.0007444257531519227,0.0004550318470283865,4,0.0009147414785637409,436.5695393626081
wave1,w200_physics_s4,physics,4,200,4,True,test,A,all,228.5616694568988,26973.999749871135,429.14065301828464,0.15151565169561898,0.055886895124338025,0.00726972606942413,10.945522383782214,604,0.0007444257531519227,0.0007444257531519227,32,0.0012975941081627695,10095.745280850735
wave1,w200_physics_s4,physics,4,200,4,True,test,B,1-5GeV,4881.535915510312,77858.40236305921,5525.2423742795145,1.902477917692158,0.0002676922939690431,1.1953060288399838e-05,1197127.786821343,191,29.06626263219181,194.32988753253255,14,239.1203764747729,31863.319386796837
wave1,w200_physics_s4,physics,4,200,4,True,test,B,5-20GeV,1324.4567263748763,10126.961734085045,1718.1011630089956,0.38679863022381133,0.00016271989519362599,6.953718625810507e-06,355193.23732396663,278,29.06626263219181,18.868742882830247,13,23.771840872143457,312.6197581884921
wave1,w200_physics_s4,physics,4,200,4,True,test,B,20-200GeV,767.464635820815,3639.9942982158805,1287.4244620680884,0.26081636806416997,0.0005185179127194865,1.6492085541821145e-05,104910.80409850382,95,29.06626263219181,8.451150669401386,5,6.659794481365111,77.86268877226932
wave1,w200_physics_s4,physics,4,200,4,True,test,B,all,1699.0937676326753,37829.63352586215,2165.414154771497,0.5368426431907047,0.0002581995757451533,9.448696097899642e-06,444074.60985912883,564,29.06626263219181,29.06626263219181,32,46.362551442712174,10372.636338919856
wave1,w200_physics_s4,physics,4,200,4,True,test,C,1-5GeV,322.7913004247433,3616.682079580573,545.7807092340374,0.18598130969839366,0.0021490697699675116,8.532755634266244e-06,20.65045648123487,1625,1.9820198815523327e-06,2.8307738375588087e-06,18,6.750537906441423e-06,0.20163025035344614
wave1,w200_physics_s4,physics,4,200,4,True,test,C,5-20GeV,120.38182054713431,891.5224567103214,221.11924419696118,0.06624343724303747,5.551644515383935e-05,4.186685037329262e-06,4.010366603324655,857,1.9820198815523327e-06,6.594778056978612e-07,10,1.7530226159578888e-06,0.14228742605375028
wave1,w200_physics_s4,physics,4,200,4,True,test,C,20-200GeV,79.6085942395468,355.90384904704564,141.68834022674204,0.045202018156923277,0.00010395724898202154,1.6977001222458143e-05,0.7430259263347949,311,1.9820198815523327e-06,1.1178560299640594e-06,4,4.790932095488643e-07,0.009702852425164103
wave1,w200_physics_s4,physics,4,200,4,True,test,C,all,208.9202397809533,2476.4810080614675,354.64993412755416,0.10967023668415066,0.0012789640795300592,7.777667071525368e-06,6.63368461363234,2793,1.9820198815523327e-06,1.9820198815523327e-06,32,5.807194725093723e-07,3.303541561407996
wave1,w200_physics_s5,physics,5,200,4,False,val,A,1-5GeV,470.07246737460764,59269.22390942073,738.922294163068,0.2610076148799739,0.08759435624589529,0.004209779265547278,25.804742523524773,350,0.0007444257531519227,0.002909424121233517,19,0.0028088209010346255,7173.877347743397
wave1,w200_physics_s5,physics,5,200,4,False,val,A,5-20GeV,167.68951015588473,6552.566221427601,235.64603258882835,0.09261147893545145,0.02144814117538024,0.004684510644563851,11.007220319043443,184,0.0007444257531519227,0.020400536357767507,9,0.0005096686157557428,2306.1250752016567
wave1,w200_physics_s5,physics,5,200,4,False,val,A,20-200GeV,197.7288550357188,2449.8127346416636,211.63119121481466,0.06318491663047074,0.03159193798112396,0.020270952985220005,15.481654977695825,98,0.0007444257531519227,0.0004550318470283865,4,0.0009147414785637409,436.5695393626081
wave1,w200_physics_s5,physics,5,200,4,False,val,A,all,303.5905460711698,32106.31020745113,508.193028024583,0.16383446129296547,0.059652678140005466,0.005901435426308371,15.482794052115722,632,0.0007444257531519227,0.0007444257531519227,32,0.0012975941081627695,10095.745280850735
wave1,w200_physics_s5,physics,5,200,4,False,val,B,1-5GeV,5475.974700013694,63863.1980456041,6507.2869097721195,2.343710131384902,0.00037919354619691463,1.5047198408727885e-05,1181464.7237645744,219,29.06626263219181,194.32988753253255,14,239.1203764747729,31863.319386796837
wave1,w200_physics_s5,physics,5,200,4,False,val,B,5-20GeV,1347.3130631810477,17914.23312320962,1741.0998604729286,0.3603593114116666,0.000396957607785128,8.20378585823022e-06,360379.6349347898,268,29.06626263219181,18.868742882830247,13,23.771840872143457,312.6197581884921
wave1,w200_physics_s5,physics,5,200,4,False,val,B,20-200GeV,1052.4065725328828,6875.436313666787,1651.1010710069058,0.3398489184720417,0.0043590839454246775,2.9622138851248918e-05,104397.23230693299,94,29.06626263219181,8.451150669401386,5,6.659794481365111,77.86268877226932
wave1,w200_physics_s5,physics,5,200,4,False,val,B,all,2036.2325275547732,40523.04895514544,2761.8316132875975,0.6136455846686567,0.0010312941762021656,1.280287404323212e-05,468725.43876780034,581,29.06626263219181,29.06626263219181,32,46.362551442712174,10372.636338919856
wave1,w200_physics_s5,physics,5,200,4,False,val,C,1-5GeV,353.68834929889914,3063.1036265255034,623.5268050510854,0.19432322644089006,0.0014883521378186704,7.970618483908963e-06,24.01565099967229,1541,1.9820198815523327e-06,2.8307738375588087e-06,18,6.750537906441423e-06,0.20163025035344614
wave1,w200_physics_s5,physics,5,200,4,False,val,C,5-20GeV,168.62478340652842,1219.3481614074244,257.63223808752576,0.06291775136586103,0.00012712938482652253,8.99514271244232e-06,3.982292308535307,901,1.9820198815523327e-06,6.594778056978612e-07,10,1.7530226159578888e-06,0.14228742605375028
wave1,w200_physics_s5,physics,5,200,4,False,val,C,20-200GeV,104.83467809119017,580.4121605781665,164.20477296574455,0.037687547005357466,0.00014863652138958136,3.480298728575029e-05,0.6156453043622001,314,1.9820198815523327e-06,1.1178560299640594e-06,4,4.790932095488643e-07,0.009702852425164103
wave1,w200_physics_s5,physics,5,200,4,False,val,C,all,250.4861041868729,2237.904076282973,383.4012498029091,0.10575736911458411,0.0008906988707632789,9.651732302634937e-06,6.048405576626337,2756,1.9820198815523327e-06,1.9820198815523327e-06,32,5.807194725093723e-07,3.303541561407996
wave1,w200_physics_s5,physics,5,200,4,False,test,A,1-5GeV,470.64140124542075,55954.02428073316,798.7365865817288,0.2868567623539667,0.10136532559275828,0.006032215820551353,31.11023947234115,324,0.0007444257531519227,0.002909424121233517,19,0.0028088209010346255,7173.877347743397
wave1,w200_physics_s5,physics,5,200,4,False,test,A,5-20GeV,170.38426606818513,7771.369581766251,224.25814489438812,0.08847477515975741,0.026256247204727325,0.006421594371249854,9.80516663159503,191,0.0007444257531519227,0.020400536357767507,9,0.0005096686157557428,2306.1250752016567
wave1,w200_physics_s5,physics,5,200,4,False,test,A,20-200GeV,161.70098391764353,2101.803203013471,187.16642013842534,0.05038707855330865,0.022273686978744402,0.016492720058682762,5.945399012586616,89,0.0007444257531519227,0.0004550318470283865,4,0.0009147414785637409,436.5695393626081
wave1,w200_physics_s5,physics,5,200,4,False,test,A,all,273.01867526884695,24146.48855211427,433.8772484723696,0.16331797069787565,0.06595971332659742,0.007309278664680115,10.945522383782214,604,0.0007444257531519227,0.0007444257531519227,32,0.0012975941081627695,10095.745280850735
wave1,w200_physics_s5,physics,5,200,4,False,test,B,1-5GeV,4884.90198384136,66605.65805619217,5882.909932777125,1.8718760957438796,0.0002925179670706452,1.3640305506757596e-05,1197127.786821343,191,29.06626263219181,194.32988753253255,14,239.1203764747729,31863.319386796837
wave1,w200_physics_s5,physics,5,200,4,False,test,B,5-20GeV,1485.6023449145255,16477.96297586083,1805.9614406983683,0.4199781479971958,0.00024387017112098005,1.1251924909205356e-05,355193.23732396663,278,29.06626263219181,18.868742882830247,13,23.771840872143457,312.6197581884921
wave1,w200_physics_s5,physics,5,200,4,False,test,B,20-200GeV,1127.2235721317543,4228.493918887951,1271.7950619526732,0.2371507171198134,0.0003487036141383402,4.1402632186027304e-05,104910.80409850382,95,29.06626263219181,8.451150669401386,5,6.659794481365111,77.86268877226932
wave1,w200_physics_s5,physics,5,200,4,False,test,B,all,1874.9600904164695,32143.172651130248,2527.5644166581515,0.5916309402872744,0.0002780029833781348,1.3893186059211916e-05,444074.60985912883,564,29.06626263219181,29.06626263219181,32,46.362551442712174,10372.636338919856
wave1,w200_physics_s5,physics,5,200,4,False,test,C,1-5GeV,371.4050280077572,3643.717245779406,599.8715231303322,0.19761102043722167,0.0029368246895885536,8.421430256233026e-06,20.65045648123487,1625,1.9820198815523327e-06,2.8307738375588087e-06,18,6.750537906441423e-06,0.20163025035344614
wave1,w200_physics_s5,physics,5,200,4,False,test,C,5-20GeV,163.31222222199403,1066.7798738060237,265.9052109887128,0.0610487443929858,0.00012052751300454555,8.290899260311329e-06,4.010366603324655,857,1.9820198815523327e-06,6.594778056978612e-07,10,1.7530226159578888e-06,0.14228742605375028
wave1,w200_physics_s5,physics,5,200,4,False,test,C,20-200GeV,103.76501275917782,586.4261811590978,167.42299862164623,0.03580955471468861,0.00044466825590132824,2.7935840003291838e-05,0.7430259263347949,311,1.9820198815523327e-06,1.1178560299640594e-06,4,4.790932095488643e-07,0.009702852425164103
wave1,w200_physics_s5,physics,5,200,4,False,test,C,all,253.89346073575325,2500.724090227801,391.7733387256632,0.10973493727674255,0.0017951750901581125,9.648944218231355e-06,6.63368461363234,2793,1.9820198815523327e-06,1.9820198815523327e-06,32,5.807194725093723e-07,3.303541561407996
wave1,w200_physics_s6,physics,6,200,4,True,val,A,1-5GeV,379.2118114356133,54261.74513123717,639.8608970244151,0.25932574401878616,0.07008791846683518,0.0032856646081647085,25.804742523524773,350,0.0007444257531519227,0.002909424121233517,19,0.0028088209010346255,7173.877347743397
wave1,w200_physics_s6,physics,6,200,4,True,val,A,5-20GeV,180.3432850561843,6191.708594609349,244.6605520289561,0.12218739589093391,0.026289295666421537,0.01079062045202176,11.007220319043443,184,0.0007444257531519227,0.020400536357767507,9,0.0005096686157557428,2306.1250752016567
wave1,w200_physics_s6,physics,6,200,4,True,val,A,20-200GeV,174.65245224037685,3584.6218489344656,252.48206094780284,0.0705874299507859,0.029587237269358514,0.0117846592327761,15.481654977695825,98,0.0007444257531519227,0.0004550318470283865,4,0.0009147414785637409,436.5695393626081
wave1,w200_physics_s6,physics,6,200,4,True,val,A,all,249.42440856339522,21157.414426509786,423.1553806776185,0.17033064806984932,0.05105625176963767,0.0068752227056155385,15.482794052115722,632,0.0007444257531519227,0.0007444257531519227,32,0.0012975941081627695,10095.745280850735
wave1,w200_physics_s6,physics,6,200,4,True,val,B,1-5GeV,4667.194203472491,49108.39298728305,5570.187129571082,2.143734710415526,0.0002955750345653767,1.0701182776220386e-05,1181464.7237645744,219,29.06626263219181,194.32988753253255,14,239.1203764747729,31863.319386796837
wave1,w200_physics_s6,physics,6,200,4,True,val,B,5-20GeV,1255.7852517773113,15214.026615944755,1628.457013779112,0.4260777202217819,0.00037536839992181745,7.3312065040657985e-06,360379.6349347898,268,29.06626263219181,18.868742882830247,13,23.771840872143457,312.6197581884921
wave1,w200_physics_s6,physics,6,200,4,True,val,B,20-200GeV,1379.9004465425355,8087.06506507755,1676.7910326904705,0.36232975443808646,0.004521689230243463,4.952949339949919e-05,104397.23230693299,94,29.06626263219181,8.451150669401386,5,6.659794481365111,77.86268877226932
wave1,w200_physics_s6,physics,6,200,4,True,val,B,all,2217.909605109071,35704.58578529338,2643.1140335994314,0.6431434465703489,0.0010161247011906199,1.1581786415019405e-05,468725.43876780034,581,29.06626263219181,29.06626263219181,32,46.362551442712174,10372.636338919856
wave1,w200_physics_s6,physics,6,200,4,True,val,C,1-5GeV,335.0104635465243,3131.800596313269,568.5587862342629,0.18867469744840437,0.0015827801277792201,6.865199801594026e-06,24.01565099967229,1541,1.9820198815523327e-06,2.8307738375588087e-06,18,6.750537906441423e-06,0.20163025035344614
wave1,w200_physics_s6,physics,6,200,4,True,val,C,5-20GeV,119.27216397492657,919.8719402871802,222.3594846366126,0.07490780755903259,0.00015838140946430299,5.124886471091945e-06,3.982292308535307,901,1.9820198815523327e-06,6.594778056978612e-07,10,1.7530226159578888e-06,0.14228742605375028
wave1,w200_physics_s6,physics,6,200,4,True,val,C,20-200GeV,97.97791113888988,598.3897755813605,148.20786959699794,0.05100145874654613,0.00011921612014688812,1.5142714345724305e-05,0.6156453043622001,314,1.9820198815523327e-06,1.1178560299640594e-06,4,4.790932095488643e-07,0.009702852425164103
wave1,w200_physics_s6,physics,6,200,4,True,val,C,all,215.36190131820376,2123.0919366842313,355.548662385754,0.11341967640144876,0.0009503627316985625,6.980383161054233e-06,6.048405576626337,2756,1.9820198815523327e-06,1.9820198815523327e-06,32,5.807194725093723e-07,3.303541561407996
wave1,w200_physics_s6,physics,6,200,4,True,test,A,1-5GeV,426.02304680635154,50402.65307465733,760.4459703705584,0.2934996597827345,0.0778253120587243,0.003695714896771181,31.11023947234115,324,0.0007444257531519227,0.002909424121233517,19,0.0028088209010346255,7173.877347743397
wave1,w200_physics_s6,physics,6,200,4,True,test,A,5-20GeV,192.80095898601823,6990.564643090437,239.9808289716625,0.1298766927432457,0.027684812759572682,0.010204175598151106,9.80516663159503,191,0.0007444257531519227,0.020400536357767507,9,0.0005096686157557428,2306.1250752016567
wave1,w200_physics_s6,physics,6,200,4,True,test,A,20-200GeV,163.48784081095607,4077.63936218218,242.1450279800852,0.058149261206393715,0.021581247490605353,0.013767981382669993,5.945399012586616,89,0.0007444257531519227,0.0004550318470283865,4,0.0009147414785637409,436.5695393626081
wave1,w200_physics_s6,physics,6,200,4,True,test,A,all,239.46113844145856,21860.81986321035,446.6570101007912,0.1725323312015345,0.05368200558074326,0.007798082520624448,10.945522383782214,604,0.0007444257531519227,0.0007444257531519227,32,0.0012975941081627695,10095.745280850735
wave1,w200_physics_s6,physics,6,200,4,True,test,B,1-5GeV,4820.944652084932,75283.03713129286,5461.473884909537,1.8683815488764188,0.00013614679736752,1.1489071095419434e-05,1197127.786821343,191,29.06626263219181,194.32988753253255,14,239.1203764747729,31863.319386796837
wave1,w200_physics_s6,physics,6,200,4,True,test,B,5-20GeV,1568.6087420133017,20193.995606804863,1883.6769167162686,0.39931295106494097,0.0004189695229771084,1.0947582807366212e-05,355193.23732396663,278,29.06626263219181,18.868742882830247,13,23.771840872143457,312.6197581884921
wave1,w200_physics_s6,physics,6,200,4,True,test,B,20-200GeV,1076.6960977240387,5409.836023015541,1153.6114012422943,0.2539967837808521,0.0010060198221889026,3.2742277641395984e-05,104910.80409850382,95,29.06626263219181,8.451150669401386,5,6.659794481365111,77.86268877226932
wave1,w200_physics_s6,physics,6,200,4,True,test,B,all,1878.6710646710674,35005.5002210887,2311.2305241302806,0.5468456827124649,0.00042207349076733717,1.3132234123298594e-05,444074.60985912883,564,29.06626263219181,29.06626263219181,32,46.362551442712174,10372.636338919856
wave1,w200_physics_s6,physics,6,200,4,True,test,C,1-5GeV,347.8281658655078,3564.6813636658853,568.4810518556774,0.19910490432134553,0.0019312762190828703,7.726034635376473e-06,20.65045648123487,1625,1.9820198815523327e-06,2.8307738375588087e-06,18,6.750537906441423e-06,0.20163025035344614
wave1,w200_physics_s6,physics,6,200,4,True,test,C,5-20GeV,118.4061083861252,780.3374017071964,219.63079025738352,0.06687181537521313,8.238524925030913e-05,3.3779776078195864e-06,4.010366603324655,857,1.9820198815523327e-06,6.594778056978612e-07,10,1.7530226159578888e-06,0.14228742605375028
wave1,w200_physics_s6,physics,6,200,4,True,test,C,20-200GeV,100.60037243885932,669.8676221739248,162.60413039768684,0.048789203868165876,0.0004545907519587533,1.7465317502231466e-05,0.7430259263347949,311,1.9820198815523327e-06,1.1178560299640594e-06,4,4.790932095488643e-07,0.009702852425164103
wave1,w200_physics_s6,physics,6,200,4,True,test,C,all,205.45977297195606,2230.0916071993925,361.27616144364794,0.11777854843786871,0.001199536605254691,6.555193924313777e-06,6.63368461363234,2793,1.9820198815523327e-06,1.9820198815523327e-06,32,5.807194725093723e-07,3.303541561407996
wave1,w200_physics_s7,physics,7,200,4,True,val,A,1-5GeV,433.61163279996424,74864.12206649796,782.4531007588813,0.2341968298314595,0.07595861495810208,0.003947505793813018,25.804742523524773,350,0.0007444257531519227,0.002909424121233517,19,0.0028088209010346255,7173.877347743397
wave1,w200_physics_s7,physics,7,200,4,True,val,A,5-20GeV,149.067264243834,5191.971233784877,266.00137733394195,0.14820633462013164,0.0166824728067126,0.0017089297104621124,11.007220319043443,184,0.0007444257531519227,0.020400536357767507,9,0.0005096686157557428,2306.1250752016567
wave1,w200_physics_s7,physics,7,200,4,True,val,A,20-200GeV,122.93005442304428,4175.754047219671,275.53165314112186,0.11693581888484045,0.014604509252970082,0.0032540337064765937,15.481654977695825,98,0.0007444257531519227,0.0004550318470283865,4,0.0009147414785637409,436.5695393626081
wave1,w200_physics_s7,physics,7,200,4,True,val,A,all,251.70703698926366,28236.378106253786,467.4070155705508,0.16821000624370544,0.049187234396458716,0.002709677574542691,15.482794052115722,632,0.0007444257531519227,0.0007444257531519227,32,0.0012975941081627695,10095.745280850735
wave1,w200_physics_s7,physics,7,200,4,True,val,B,1-5GeV,5026.4071915739805,62376.53426834274,6909.792650980706,2.632988608241127,0.00032390486718669595,1.2464181135359451e-05,1181464.7237645744,219,29.06626263219181,194.32988753253255,14,239.1203764747729,31863.319386796837
wave1,w200_physics_s7,physics,7,200,4,True,val,B,5-20GeV,1666.8289940448346,19508.886416561378,1925.3767117122961,0.47096928099232394,0.0005118112848194886,1.014949227952015e-05,360379.6349347898,268,29.06626263219181,18.868742882830247,13,23.771840872143457,312.6197581884921
wave1,w200_physics_s7,physics,7,200,4,True,val,B,20-200GeV,1493.4427295895293,6313.315080659111,2205.607504830141,0.34025412753450546,0.0022879667620185865,5.1285885803751e-05,104397.23230693299,94,29.06626263219181,8.451150669401386,5,6.659794481365111,77.86268877226932
wave1,w200_physics_s7,physics,7,200,4,True,val,B,all,2226.567849397611,40644.84410096383,2895.204629558293,0.8067521285654577,0.0007283467571002691,1.396414431275523e-05,468725.43876780034,581,29.06626263219181,29.06626263219181,32,46.362551442712174,10372.636338919856
wave1,w200_physics_s7,physics,7,200,4,True,val,C,1-5GeV,348.9474587207724,3598.3740483742395,622.0504401544531,0.20585964060707007,0.0012501278867542843,7.850881320224481e-06,24.01565099967229,1541,1.9820198815523327e-06,2.8307738375588087e-06,18,6.750537906441423e-06,0.20163025035344614
wave1,w200_physics_s7,physics,7,200,4,True,val,C,5-20GeV,136.62316929637086,1003.7856040241735,253.76390849602615,0.07806024156088026,8.408235834156455e-05,3.833380682229928e-06,3.982292308535307,901,1.9820198815523327e-06,6.594778056978612e-07,10,1.7530226159578888e-06,0.14228742605375028
wave1,w200_physics_s7,physics,7,200,4,True,val,C,20-200GeV,85.41590238242014,518.2666120824362,133.35668476303297,0.04812631712735151,7.482106273433152e-05,8.935610317986065e-06,0.6156453043622001,314,1.9820198815523327e-06,1.1178560299640594e-06,4,4.790932095488643e-07,0.009702852425164103
wave1,w200_physics_s7,physics,7,200,4,True,val,C,all,202.82019525875228,2294.5689738103074,394.6289799071773,0.12272003800535905,0.000735014184344224,6.378859424203089e-06,6.048405576626337,2756,1.9820198815523327e-06,1.9820198815523327e-06,32,5.807194725093723e-07,3.303541561407996
wave1,w200_physics_s7,physics,7,200,4,True,test,A,1-5GeV,519.0985124471687,57120.08721051641,846.8633052840869,0.26803571011807525,0.0820686089402046,0.006198823713550423,31.11023947234115,324,0.0007444257531519227,0.002909424121233517,19,0.0028088209010346255,7173.877347743397
wave1,w200_physics_s7,physics,7,200,4,True,test,A,5-20GeV,151.28602674166734,7546.637701425652,268.06575192485695,0.142356445571111,0.017734685907569887,0.0026926417987576377,9.80516663159503,191,0.0007444257531519227,0.020400536357767507,9,0.0005096686157557428,2306.1250752016567
wave1,w200_physics_s7,physics,7,200,4,True,test,A,20-200GeV,121.06611040940751,2545.0353322155643,251.2292312389649,0.11934102343541964,0.008879528626345062,0.004332630356269392,5.945399012586616,89,0.0007444257531519227,0.0004550318470283865,4,0.0009147414785637409,436.5695393626081
wave1,w200_physics_s7,physics,7,200,4,True,test,A,all,267.3545414137602,25924.197098585242,465.8114342423447,0.16885001607831132,0.0509401197892663,0.0036098981179147,10.945522383782214,604,0.0007444257531519227,0.0007444257531519227,32,0.0012975941081627695,10095.745280850735
wave1,w200_physics_s7,physics,7,200,4,True,test,B,1-5GeV,4805.549428864879,80267.34829577313,6606.070250431685,2.4408160736488216,0.00014934923466335912,1.2077502076091914e-05,1197127.786821343,191,29.06626263219181,194.32988753253255,14,239.1203764747729,31863.319386796837
wave1,w200_physics_s7,physics,7,200,4,True,test,B,5-20GeV,1748.9827053885988,13341.187565455231,2174.587577705125,0.4981790646865214,0.00022972367341960628,1.0324292627421607e-05,355193.23732396663,278,29.06626263219181,18.868742882830247,13,23.771840872143457,312.6197581884921
wave1,w200_physics_s7,physics,7,200,4,True,test,B,20-200GeV,1204.8133251134345,4331.738428718726,1669.1866869343528,0.27671781400800954,0.00033256196827762045,4.8313795041011775e-05,104910.80409850382,95,29.06626263219181,8.451150669401386,5,6.659794481365111,77.86268877226932
wave1,w200_physics_s7,physics,7,200,4,True,test,B,all,2153.9274916261775,36702.11954749852,2723.9893146757768,0.7210847039111862,0.00021982672343568452,1.3117399738696113e-05,444074.60985912883,564,29.06626263219181,29.06626263219181,32,46.362551442712174,10372.636338919856
wave1,w200_physics_s7,physics,7,200,4,True,test,C,1-5GeV,347.11911307672597,3555.365613901681,643.6994224160344,0.21981141601573606,0.002228037179863234,8.343205142904818e-06,20.65045648123487,1625,1.9820198815523327e-06,2.8307738375588087e-06,18,6.750537906441423e-06,0.20163025035344614
wave1,w200_physics_s7,physics,7,200,4,True,test,C,5-20GeV,136.4051402535722,910.6486232631244,245.30942290124358,0.07098731443036521,7.60648816911695e-05,3.7618784928373127e-06,4.010366603324655,857,1.9820198815523327e-06,6.594778056978612e-07,10,1.7530226159578888e-06,0.14228742605375028
wave1,w200_physics_s7,physics,7,200,4,True,test,C,20-200GeV,89.07614113809802,619.8264607492945,146.23562093879627,0.051016948972755494,0.0003794321154116271,7.2333713862527794e-06,0.7430259263347949,311,1.9820198815523327e-06,1.1178560299640594e-06,4,4.790932095488643e-07,0.009702852425164103
wave1,w200_physics_s7,physics,7,200,4,True,test,C,all,218.621925332517,2644.1483270659783,401.61264861595214,0.124646809206444,0.0013618873644039037,6.523603967973069e-06,6.63368461363234,2793,1.9820198815523327e-06,1.9820198815523327e-06,32,5.807194725093723e-07,3.303541561407996
wave1,w200_physics_s8,physics,8,200,4,True,val,A,1-5GeV,395.1272581074722,59300.95371828581,598.9862056315017,0.2527671466729525,0.05971272175533662,0.0032628530081888346,25.804742523524773,350,0.0007444257531519227,0.002909424121233517,19,0.0028088209010346255,7173.877347743397
wave1,w200_physics_s8,physics,8,200,4,True,val,A,5-20GeV,176.17646797100755,6382.589801302006,257.5676107630245,0.10035431224580688,0.02080341137250048,0.004813958646097509,11.007220319043443,184,0.0007444257531519227,0.020400536357767507,9,0.0005096686157557428,2306.1250752016567
wave1,w200_physics_s8,physics,8,200,4,True,val,A,20-200GeV,193.82463010006308,2822.9303527176094,318.7189134102274,0.0513442514303384,0.03162024965274891,0.008287720982945286,15.481654977695825,98,0.0007444257531519227,0.0004550318470283865,4,0.0009147414785637409,436.5695393626081
wave1,w200_physics_s8,physics,8,200,4,True,val,A,all,252.58470668512155,22062.921553376684,444.04111429165073,0.1504534039748033,0.04402858350138813,0.004936207200133274,15.482794052115722,632,0.0007444257531519227,0.0007444257531519227,32,0.0012975941081627695,10095.745280850735
wave1,w200_physics_s8,physics,8,200,4,True,val,B,1-5GeV,5378.335034318525,48237.313685139336,6506.557177005561,2.2926981237087753,0.0003051467212496403,1.1887629869641023e-05,1181464.7237645744,219,29.06626263219181,194.32988753253255,14,239.1203764747729,31863.319386796837
wave1,w200_physics_s8,physics,8,200,4,True,val,B,5-20GeV,1292.8013137725713,15741.914704192815,1741.8233002714417,0.41781207300581324,0.0005112854931308181,7.1087807005088655e-06,360379.6349347898,268,29.06626263219181,18.868742882830247,13,23.771840872143457,312.6197581884921
wave1,w200_physics_s8,physics,8,200,4,True,val,B,20-200GeV,1170.2062837233598,8123.397816536746,1541.568212729338,0.32136684229752344,0.004793746096463081,3.40389779699016e-05,104397.23230693299,94,29.06626263219181,8.451150669401386,5,6.659794481365111,77.86268877226932
wave1,w200_physics_s8,physics,8,200,4,True,val,B,all,2223.915104361481,39649.72056712941,2746.752936287862,0.6569013380746946,0.0011264436784513944,1.1811414600600448e-05,468725.43876780034,581,29.06626263219181,29.06626263219181,32,46.362551442712174,10372.636338919856
wave1,w200_physics_s8,physics,8,200,4,True,val,C,1-5GeV,317.3413633934512,2830.257200704864,566.289666186151,0.21654667611531453,0.0014841842153272655,6.396777055509214e-06,24.01565099967229,1541,1.9820198815523327e-06,2.8307738375588087e-06,18,6.750537906441423e-06,0.20163025035344614
wave1,w200_physics_s8,physics,8,200,4,True,val,C,5-20GeV,105.90082940990442,1013.2736417283468,209.28264813793618,0.06261824684850037,7.832287287991098e-05,4.871828820897496e-06,3.982292308535307,901,1.9820198815523327e-06,6.594778056978612e-07,10,1.7530226159578888e-06,0.14228742605375028
wave1,w200_physics_s8,physics,8,200,4,True,val,C,20-200GeV,58.5817660884666,370.87491631495175,131.67746337845188,0.039234964362070204,7.606912241654911e-05,1.2998094448965125e-05,0.6156453043622001,314,1.9820198815523327e-06,1.1178560299640594e-06,4,4.790932095488643e-07,0.009702852425164103
wave1,w200_physics_s8,physics,8,200,4,True,val,C,all,186.5372530094609,2093.1854577655145,354.7778038752334,0.11007680525709773,0.0008641445895221019,6.388691915044642e-06,6.048405576626337,2756,1.9820198815523327e-06,1.9820198815523327e-06,32,5.807194725093723e-07,3.303541561407996
wave1,w200_physics_s8,physics,8,200,4,True,test,A,1-5GeV,454.31766219166445,56036.74496187889,768.8814897243092,0.3316033754787676,0.0713992098586157,0.004627792651482325,31.11023947234115,324,0.0007444257531519227,0.002909424121233517,19,0.0028088209010346255,7173.877347743397
wave1,w200_physics_s8,physics,8,200,4,True,test,A,5-20GeV,201.0822638723757,7150.49969325878,253.56108544139354,0.10128703689646877,0.027983245470887902,0.005666045939988234,9.80516663159503,191,0.0007444257531519227,0.020400536357767507,9,0.0005096686157557428,2306.1250752016567
wave1,w200_physics_s8,physics,8,200,4,True,test,A,20-200GeV,175.1575775318619,2613.4997971291696,267.3049081665528,0.04506735553584662,0.03281514373168666,0.011597457318467674,5.945399012586616,89,0.0007444257531519227,0.0004550318470283865,4,0.0009147414785637409,436.5695393626081
wave1,w200_physics_s8,physics,8,200,4,True,test,A,all,261.26711743753503,23424.348084111003,466.33720307518234,0.1551868855090298,0.051984588859687396,0.006752155113542845,10.945522383782214,604,0.0007444257531519227,0.0007444257531519227,32,0.0012975941081627695,10095.745280850735
wave1,w200_physics_s8,physics,8,200,4,True,test,B,1-5GeV,4201.413666502731,59954.882025535655,5045.932863847611,1.6950771483676963,0.00016561412088113216,9.561131706377779e-06,1197127.786821343,191,29.06626263219181,194.32988753253255,14,239.1203764747729,31863.319386796837
wave1,w200_physics_s8,physics,8,200,4,True,test,B,5-20GeV,1490.6688093183789,13834.229032885138,2044.8181752643677,0.4162796600967328,0.00019108409550058005,9.614185001480023e-06,355193.23732396663,278,29.06626263219181,18.868742882830247,13,23.771840872143457,312.6197581884921
wave1,w200_physics_s8,physics,8,200,4,True,test,B,20-200GeV,1120.7808915003739,4131.231545842655,1340.4153101624559,0.2737871134760872,0.00036516682351186617,4.8810282488022085e-05,104910.80409850382,95,29.06626263219181,8.451150669401386,5,6.659794481365111,77.86268877226932
wave1,w200_physics_s8,physics,8,200,4,True,test,B,all,1820.711166541571,35237.36698722851,2375.501168676038,0.5399413246832876,0.0002117810706934127,1.286953664892366e-05,444074.60985912883,564,29.06626263219181,29.06626263219181,32,46.362551442712174,10372.636338919856
wave1,w200_physics_s8,physics,8,200,4,True,test,C,1-5GeV,314.9671016150677,2888.515570113167,557.6673524911229,0.21036184569525954,0.0018326408656247695,7.107092641293856e-06,20.65045648123487,1625,1.9820198815523327e-06,2.8307738375588087e-06,18,6.750537906441423e-06,0.20163025035344614
wave1,w200_physics_s8,physics,8,200,4,True,test,C,5-20GeV,107.9969307891755,967.5156526131783,204.25490893524056,0.0591821459579589,6.012937506115297e-05,4.016928968951684e-06,4.010366603324655,857,1.9820198815523327e-06,6.594778056978612e-07,10,1.7530226159578888e-06,0.14228742605375028
wave1,w200_physics_s8,physics,8,200,4,True,test,C,20-200GeV,58.62977853233975,399.80588845259035,128.5194789094386,0.04146239991303924,0.00022408867589224563,1.1256480102621552e-05,0.7430259263347949,311,1.9820198815523327e-06,1.1178560299640594e-06,4,4.790932095488643e-07,0.009702852425164103
wave1,w200_physics_s8,physics,8,200,4,True,test,C,all,195.62323204091481,2069.7906941621823,361.31541370491504,0.11187993385240388,0.0011096540849517176,6.49103349420671e-06,6.63368461363234,2793,1.9820198815523327e-06,1.9820198815523327e-06,32,5.807194725093723e-07,3.303541561407996
wave1,w200_physics_s9,physics,9,200,4,True,val,A,1-5GeV,366.26450108033714,49110.606504160896,656.7871553252851,0.21063183819393372,0.06973907035504819,0.005146892402566435,25.804742523524773,350,0.0007444257531519227,0.002909424121233517,19,0.0028088209010346255,7173.877347743397
wave1,w200_physics_s9,physics,9,200,4,True,val,A,5-20GeV,127.01829215241779,5783.7094884039625,253.00706951378243,0.06548401936471793,0.018093249528148475,0.003378882681851483,11.007220319043443,184,0.0007444257531519227,0.020400536357767507,9,0.0005096686157557428,2306.1250752016567
wave1,w200_physics_s9,physics,9,200,4,True,val,A,20-200GeV,127.34357931488472,2109.851833639413,208.8077675322573,0.06062601744376414,0.013372771162592402,0.004306401930624418,15.481654977695825,98,0.0007444257531519227,0.0004550318470283865,4,0.0009147414785637409,436.5695393626081
wave1,w200_physics_s9,physics,9,200,4,True,val,A,all,226.90677030998415,25347.588056860717,413.3626186316577,0.13530114383704037,0.04596260144205734,0.003952901089415697,15.482794052115722,632,0.0007444257531519227,0.0007444257531519227,32,0.0012975941081627695,10095.745280850735
wave1,w200_physics_s9,physics,9,200,4,True,val,B,1-5GeV,4767.028961047799,45716.02642724492,6275.5983301765355,1.9615338306017138,0.0002930087616020769,1.1757923700724883e-05,1181464.7237645744,219,29.06626263219181,194.32988753253255,14,239.1203764747729,31863.319386796837
wave1,w200_physics_s9,physics,9,200,4,True,val,B,5-20GeV,1243.097750587012,17764.319365281728,1492.2619104217176,0.3357492402399839,0.0002441500172191793,7.5016959788506906e-06,360379.6349347898,268,29.06626263219181,18.868742882830247,13,23.771840872143457,312.6197581884921
wave1,w200_physics_s9,physics,9,200,4,True,val,B,20-200GeV,1009.9810045197728,5989.584948167551,1615.3606116007923,0.3007904768398024,0.0022529266030272303,2.4016406785844167e-05,104397.23230693299,94,29.06626263219181,8.451150669401386,5,6.659794481365111,77.86268877226932
wave1,w200_physics_s9,physics,9,200,4,True,val,B,all,1895.641174306661,30507.811172215042,2449.390100958567,0.5770234292234167,0.0005875666507575809,1.006531160330139e-05,468725.43876780034,581,29.06626263219181,29.06626263219181,32,46.362551442712174,10372.636338919856
wave1,w200_physics_s9,physics,9,200,4,True,val,C,1-5GeV,361.00832620748236,3210.0900076562766,615.7186577515859,0.18179978361665405,0.001652693806786808,9.230442036559101e-06,24.01565099967229,1541,1.9820198815523327e-06,2.8307738375588087e-06,18,6.750537906441423e-06,0.20163025035344614
wave1,w200_physics_s9,physics,9,200,4,True,val,C,5-20GeV,157.94511435661462,914.6392086305539,250.0289303018679,0.07107053338133856,0.00015912493058949112,7.236086502254018e-06,3.982292308535307,901,1.9820198815523327e-06,6.594778056978612e-07,10,1.7530226159578888e-06,0.14228742605375028
wave1,w200_physics_s9,physics,9,200,4,True,val,C,20-200GeV,91.30764963084425,350.62221309217733,177.53702569683873,0.04741065686918351,0.000140896317185015,3.227275657672422e-05,0.6156453043622001,314,1.9820198815523327e-06,1.1178560299640594e-06,4,4.790932095488643e-07,0.009702852425164103
wave1,w200_physics_s9,physics,9,200,4,True,val,C,all,222.29386497371286,2352.681824502255,379.3941842650206,0.10576537954730403,0.000992167693147931,9.73462364954584e-06,6.048405576626337,2756,1.9820198815523327e-06,1.9820198815523327e-06,32,5.807194725093723e-07,3.303541561407996
wave1,w200_physics_s9,physics,9,200,4,True,test,A,1-5GeV,473.759480689518,65979.42803264219,754.1945796166294,0.21880978556286512,0.08477818304293881,0.0058958774102316645,31.11023947234115,324,0.0007444257531519227,0.002909424121233517,19,0.0028088209010346255,7173.877347743397
wave1,w200_physics_s9,physics,9,200,4,True,test,A,5-20GeV,138.51916575359758,7377.371600503892,260.4770975335704,0.06734895163943182,0.02421358613796138,0.004227144164987981,9.80516663159503,191,0.0007444257531519227,0.020400536357767507,9,0.0005096686157557428,2306.1250752016567
wave1,w200_physics_s9,physics,9,200,4,True,test,A,20-200GeV,99.36922759543198,1276.2555808747038,201.78641803533637,0.05291387566622131,0.008945945339719071,0.00503562428719999,5.945399012586616,89,0.0007444257531519227,0.0004550318470283865,4,0.0009147414785637409,436.5695393626081
wave1,w200_physics_s9,physics,9,200,4,True,test,A,all,228.79083551401428,22675.755037288625,429.00755697162026,0.12069033176752243,0.05445217780380431,0.00489668513530374,10.945522383782214,604,0.0007444257531519227,0.0007444257531519227,32,0.0012975941081627695,10095.745280850735
wave1,w200_physics_s9,physics,9,200,4,True,test,B,1-5GeV,3904.4729450147315,80775.31709186661,4803.257905211467,1.8843881246750072,0.0001832462056204502,7.228556836451559e-06,1197127.786821343,191,29.06626263219181,194.32988753253255,14,239.1203764747729,31863.319386796837
wave1,w200_physics_s9,physics,9,200,4,True,test,B,5-20GeV,1231.021358774294,15235.340862663516,1635.3113862984624,0.34210678554364926,0.00014132636726108027,7.483766089626804e-06,355193.23732396663,278,29.06626263219181,18.868742882830247,13,23.771840872143457,312.6197581884921
wave1,w200_physics_s9,physics,9,200,4,True,test,B,20-200GeV,789.7803998739619,3598.7891858933363,1097.1619951399987,0.15799647567495134,0.0005769036371759215,1.9027785030282204e-05,104910.80409850382,95,29.06626263219181,8.451150669401386,5,6.659794481365111,77.86268877226932
wave1,w200_physics_s9,physics,9,200,4,True,test,B,all,1642.2720710367003,26980.81573842079,2070.125191234638,0.4786956558224007,0.00022889113635425327,8.602028119639758e-06,444074.60985912883,564,29.06626263219181,29.06626263219181,32,46.362551442712174,10372.636338919856
wave1,w200_physics_s9,physics,9,200,4,True,test,C,1-5GeV,352.2384049939262,3735.7716724854513,609.2291448244235,0.1784319372550025,0.0016958239155830976,1.046893177954739e-05,20.65045648123487,1625,1.9820198815523327e-06,2.8307738375588087e-06,18,6.750537906441423e-06,0.20163025035344614
wave1,w200_physics_s9,physics,9,200,4,True,test,C,5-20GeV,153.24614279376192,980.5751736316287,231.98688018430857,0.06729522434303914,0.00012847566966920962,6.575636628808979e-06,4.010366603324655,857,1.9820198815523327e-06,6.594778056978612e-07,10,1.7530226159578888e-06,0.14228742605375028
wave1,w200_physics_s9,physics,9,200,4,True,test,C,20-200GeV,92.71340676568141,350.06661711960874,169.30220297393817,0.04680002572965761,0.0002637077644572425,2.69450638948689e-05,0.7430259263347949,311,1.9820198815523327e-06,1.1178560299640594e-06,4,4.790932095488643e-07,0.009702852425164103
wave1,w200_physics_s9,physics,9,200,4,True,test,C,all,220.86273113025,2400.393567518404,381.6189031654176,0.1104648817615711,0.0010554352404136228,1.0358629627382014e-05,6.63368461363234,2793,1.9820198815523327e-06,1.9820198815523327e-06,32,5.807194725093723e-07,3.303541561407996
wave1,w50_data_s0,data,0,50,4,True,val,A,1-5GeV,1279.7720725850716,39057.49577605883,1676.8063433263083,0.7444701339227866,0.21706308548426664,0.027800524209230043,25.804742523524773,350,0.0007444257531519227,0.002909424121233517,19,0.0028088209010346255,7173.877347743397
wave1,w50_data_s0,data,0,50,4,True,val,A,5-20GeV,414.7729392462668,7755.907610770947,626.1554286069925,0.32670885084769896,0.08383454685834205,0.02755098078952154,11.007220319043443,184,0.0007444257531519227,0.020400536357767507,9,0.0005096686157557428,2306.1250752016567
wave1,w50_data_s0,data,0,50,4,True,val,A,20-200GeV,420.6066716767505,5214.3130354456725,871.7202625680529,0.3588997070543762,0.11678183930898664,0.06496602472279198,15.481654977695825,98,0.0007444257531519227,0.0004550318470283865,4,0.0009147414785637409,436.5695393626081
wave1,w50_data_s0,data,0,50,4,True,val,A,all,730.4838709269995,19148.730951130296,1145.1237342984705,0.5156596571135353,0.1627250898634635,0.03108398663592855,15.482794052115722,632,0.0007444257531519227,0.0007444257531519227,32,0.0012975941081627695,10095.745280850735
wave1,w50_data_s0,data,0,50,4,True,val,B,1-5GeV,5878.914388518751,51501.91008361445,8111.041577592232,4.147620182034073,0.00024361501165450262,2.002120921835887e-05,1181464.7237645744,219,29.06626263219181,194.32988753253255,14,239.1203764747729,31863.319386796837
wave1,w50_data_s0,data,0,50,4,True,val,B,5-20GeV,1473.0569394910303,14973.564679258056,2251.0545455885167,1.0368134922944527,0.00032820980022052335,8.948700392633015e-06,360379.6349347898,268,29.06626263219181,18.868742882830247,13,23.771840872143457,312.6197581884921
wave1,w50_data_s0,data,0,50,4,True,val,B,20-200GeV,1516.3809708936355,13572.302165697649,2083.156970095416,0.64643373688434,0.01191703498467108,6.024371038792562e-05,104397.23230693299,94,29.06626263219181,8.451150669401386,5,6.659794481365111,77.86268877226932
wave1,w50_data_s0,data,0,50,4,True,val,B,all,2267.4400902607204,32451.21729681614,3319.233681048672,1.4007647056623052,0.0021712791782625097,1.6037519354948962e-05,468725.43876780034,581,29.06626263219181,29.06626263219181,32,46.362551442712174,10372.636338919856
wave1,w50_data_s0,data,0,50,4,True,val,C,1-5GeV,638.3793149236396,5676.436774079302,1231.716977937115,0.350168415396257,0.003756117438136456,2.5007107202478322e-05,24.01565099967229,1541,1.9820198815523327e-06,2.8307738375588087e-06,18,6.750537906441423e-06,0.20163025035344614
wave1,w50_data_s0,data,0,50,4,True,val,C,5-20GeV,317.8478301032328,1696.5974909316053,643.491554950633,0.172542360127953,0.0006499269277337449,4.970423281738316e-05,3.982292308535307,901,1.9820198815523327e-06,6.594778056978612e-07,10,1.7530226159578888e-06,0.14228742605375028
wave1,w50_data_s0,data,0,50,4,True,val,C,20-200GeV,373.8834484095422,1001.6367737050075,531.2615869412136,0.1402162961869043,0.0018945538202756367,0.0003354574012532234,0.6156453043622001,314,1.9820198815523327e-06,1.1178560299640594e-06,4,4.790932095488643e-07,0.009702852425164103
wave1,w50_data_s0,data,0,50,4,True,val,C,all,460.71565854334517,3839.8599349825204,840.8039566251659,0.23214255493250127,0.002528538110893662,3.54105203291443e-05,6.048405576626337,2756,1.9820198815523327e-06,1.9820198815523327e-06,32,5.807194725093723e-07,3.303541561407996
wave1,w50_data_s0,data,0,50,4,True,test,A,1-5GeV,1105.4293826687299,42866.766679928725,1890.574020945195,0.7989307490462588,0.23716203888621631,0.03693414273373413,31.11023947234115,324,0.0007444257531519227,0.002909424121233517,19,0.0028088209010346255,7173.877347743397
wave1,w50_data_s0,data,0,50,4,True,test,A,5-20GeV,483.65585350214513,6895.677328336006,675.6840120382179,0.3652034496786083,0.09947953894171664,0.03080825915754235,9.80516663159503,191,0.0007444257531519227,0.020400536357767507,9,0.0005096686157557428,2306.1250752016567
wave1,w50_data_s0,data,0,50,4,True,test,A,20-200GeV,342.9448751696742,4045.042423826707,712.4923917301784,0.27495536220672157,0.08844505215662972,0.06685221343268928,5.945399012586616,89,0.0007444257531519227,0.0004550318470283865,4,0.0009147414785637409,436.5695393626081
wave1,w50_data_s0,data,0,50,4,True,test,A,all,678.4980674490564,20738.274853128598,1065.9237676489965,0.5139658763136485,0.17170977181944042,0.03956560924410753,10.945522383782214,604,0.0007444257531519227,0.0007444257531519227,32,0.0012975941081627695,10095.745280850735
wave1,w50_data_s0,data,0,50,4,True,test,B,1-5GeV,4879.895408576658,56619.18213890612,6484.195871687234,3.9523170087296666,0.00012815912954904015,1.366620948707545e-05,1197127.786821343,191,29.06626263219181,194.32988753253255,14,239.1203764747729,31863.319386796837
wave1,w50_data_s0,data,0,50,4,True,test,B,5-20GeV,1519.1466353224073,11984.937459494786,2367.451100925095,1.0239659564223318,0.00023140905480838702,1.2238638843433678e-05,355193.23732396663,278,29.06626263219181,18.868742882830247,13,23.771840872143457,312.6197581884921
wave1,w50_data_s0,data,0,50,4,True,test,B,20-200GeV,1486.2469014199887,4778.783990023936,1794.1102953695208,0.6140744216148013,0.00037781901879276134,5.9346282300860033e-05,104910.80409850382,95,29.06626263219181,8.451150669401386,5,6.659794481365111,77.86268877226932
wave1,w50_data_s0,data,0,50,4,True,test,B,all,2040.873370216289,22902.21116899652,3057.9717205509382,1.3240286344203336,0.00022110446412395502,1.737873292666985e-05,444074.60985912883,564,29.06626263219181,29.06626263219181,32,46.362551442712174,10372.636338919856
wave1,w50_data_s0,data,0,50,4,True,test,C,1-5GeV,667.5551607116432,5995.451229903395,1253.8477809061055,0.3530218789082329,0.006192957005994459,2.5019065546676335e-05,20.65045648123487,1625,1.9820198815523327e-06,2.8307738375588087e-06,18,6.750537906441423e-06,0.20163025035344614
wave1,w50_data_s0,data,0,50,4,True,test,C,5-20GeV,325.65013813207287,1829.1838178000453,640.9881587143218,0.1583720387513107,0.000478806756796736,5.3643686725352176e-05,4.010366603324655,857,1.9820198815523327e-06,6.594778056978612e-07,10,1.7530226159578888e-06,0.14228742605375028
wave1,w50_data_s0,data,0,50,4,True,test,C,20-200GeV,409.4195147642381,1023.1258659259481,530.867514076192,0.14167106622427206,0.0029444260657631232,0.00030369738407382024,0.7430259263347949,311,1.9820198815523327e-06,1.1178560299640594e-06,4,4.790932095488643e-07,0.009702852425164103
wave1,w50_data_s0,data,0,50,4,True,test,C,all,485.9138132777119,4020.6467781665665,862.6138097274438,0.23785223896061192,0.004077912292075951,3.593365274085505e-05,6.63368461363234,2793,1.9820198815523327e-06,1.9820198815523327e-06,32,5.807194725093723e-07,3.303541561407996
wave1,w50_data_s1,data,1,50,4,True,val,A,1-5GeV,984.3218007430312,34652.42340410115,1835.6368510156794,0.5350973328728803,0.17681592792755352,0.019621455473228418,25.804742523524773,350,0.0007444257531519227,0.002909424121233517,19,0.0028088209010346255,7173.877347743397
wave1,w50_data_s1,data,1,50,4,True,val,A,5-20GeV,283.4048354090087,6726.613260411608,844.0207026143703,0.2586926713359673,0.056969483003018906,0.012638439570977749,11.007220319043443,184,0.0007444257531519227,0.020400536357767507,9,0.0005096686157557428,2306.1250752016567
wave1,w50_data_s1,data,1,50,4,True,val,A,20-200GeV,480.3891570401207,4543.952746676205,828.4159424731758,0.5092449385921841,0.12420704266990809,0.018958334859008216,15.481654977695825,98,0.0007444257531519227,0.0004550318470283865,4,0.0009147414785637409,436.5695393626081
wave1,w50_data_s1,data,1,50,4,True,val,A,all,661.6852263858682,19828.001732062578,1243.0971467884647,0.42069188763025483,0.13376621808362377,0.01678582421068253,15.482794052115722,632,0.0007444257531519227,0.0007444257531519227,32,0.0012975941081627695,10095.745280850735
wave1,w50_data_s1,data,1,50,4,True,val,B,1-5GeV,5404.947774076277,59130.55259584124,7438.942942375888,4.184778083041199,0.00016796675641399944,1.3221715560044763e-05,1181464.7237645744,219,29.06626263219181,194.32988753253255,14,239.1203764747729,31863.319386796837
wave1,w50_data_s1,data,1,50,4,True,val,B,5-20GeV,1900.5530243178441,26578.34579653144,2352.674063720656,1.2909860796389423,0.0004770777186714994,1.3090772251678429e-05,360379.6349347898,268,29.06626263219181,18.868742882830247,13,23.771840872143457,312.6197581884921
wave1,w50_data_s1,data,1,50,4,True,val,B,20-200GeV,1822.006393377027,12407.5052804279,1957.2787644664659,1.0235312656241626,0.005049792201429418,7.940686393747366e-05,104397.23230693299,94,29.06626263219181,8.451150669401386,5,6.659794481365111,77.86268877226932
wave1,w50_data_s1,data,1,50,4,True,val,B,all,2714.8071025414424,43901.837946872096,3513.4091164394476,1.7419262710534622,0.001100382125977613,1.8838264108849955e-05,468725.43876780034,581,29.06626263219181,29.06626263219181,32,46.362551442712174,10372.636338919856
wave1,w50_data_s1,data,1,50,4,True,val,C,1-5GeV,781.5216190834988,6113.986744180238,1291.1856401609648,0.38193365908445465,0.0030659014386705498,3.252986680581481e-05,24.01565099967229,1541,1.9820198815523327e-06,2.8307738375588087e-06,18,6.750537906441423e-06,0.20163025035344614
wave1,w50_data_s1,data,1,50,4,True,val,C,5-20GeV,296.53060308071485,2522.844548939716,498.9204349528791,0.14575710439920092,0.0005246427957027172,3.5417751250129064e-05,3.982292308535307,901,1.9820198815523327e-06,6.594778056978612e-07,10,1.7530226159578888e-06,0.14228742605375028
wave1,w50_data_s1,data,1,50,4,True,val,C,20-200GeV,218.86140707698388,1113.3737972302688,344.422971956496,0.13541730797935303,0.0004452583756186079,9.959898899480167e-05,0.6156453043622001,314,1.9820198815523327e-06,1.1178560299640594e-06,4,4.790932095488643e-07,0.009702852425164103
wave1,w50_data_s1,data,1,50,4,True,val,C,all,477.89883535587217,4304.126583382271,826.2230110924679,0.20809740115436232,0.0019365269977734787,3.912050547566331e-05,6.048405576626337,2756,1.9820198815523327e-06,1.9820198815523327e-06,32,5.807194725093723e-07,3.303541561407996
wave1,w50_data_s1,data,1,50,4,True,test,A,1-5GeV,1443.6071505442376,44257.478274729896,2293.017600956843,0.5592902076352793,0.20868582952304707,0.021009586786270313,31.11023947234115,324,0.0007444257531519227,0.002909424121233517,19,0.0028088209010346255,7173.877347743397
wave1,w50_data_s1,data,1,50,4,True,test,A,5-20GeV,280.0457497522051,6925.8573046761285,758.5551478952154,0.2561608689523858,0.0626809182160636,0.011385433222451698,9.80516663159503,191,0.0007444257531519227,0.020400536357767507,9,0.0005096686157557428,2306.1250752016567
wave1,w50_data_s1,data,1,50,4,True,test,A,20-200GeV,259.4865433668567,4362.089475535374,723.6935920644268,0.4241683107758815,0.10999552711808551,0.024589623008642376,5.945399012586616,89,0.0007444257531519227,0.0004550318470283865,4,0.0009147414785637409,436.5695393626081
wave1,w50_data_s1,data,1,50,4,True,test,A,all,652.9188435711173,22516.32811475393,1251.1866234925365,0.4161524788398683,0.14797328817590233,0.018668886117634294,10.945522383782214,604,0.0007444257531519227,0.0007444257531519227,32,0.0012975941081627695,10095.745280850735
wave1,w50_data_s1,data,1,50,4,True,test,B,1-5GeV,4590.096517657003,56524.36951823893,6730.707088274585,3.554828191971615,0.00012945822436954423,1.5014719516535954e-05,1197127.786821343,191,29.06626263219181,194.32988753253255,14,239.1203764747729,31863.319386796837
wave1,w50_data_s1,data,1,50,4,True,test,B,5-20GeV,2070.5802143099563,11241.84562599888,2475.2371281124965,1.4483628808618296,0.00017086979810968338,1.4589302959155002e-05,355193.23732396663,278,29.06626263219181,18.868742882830247,13,23.771840872143457,312.6197581884921
wave1,w50_data_s1,data,1,50,4,True,test,B,20-200GeV,1634.4992281396173,6621.617744589689,1665.3182278757158,1.0307080362721364,0.00032026087636123125,7.061062663757721e-05,104910.80409850382,95,29.06626263219181,8.451150669401386,5,6.659794481365111,77.86268877226932
wave1,w50_data_s1,data,1,50,4,True,test,B,all,2414.5469241999535,24900.01878542917,3091.9483376897215,1.6757284666731416,0.00018200905670814164,1.9615556017571575e-05,444074.60985912883,564,29.06626263219181,29.06626263219181,32,46.362551442712174,10372.636338919856
wave1,w50_data_s1,data,1,50,4,True,test,C,1-5GeV,754.405310487301,6188.390713288797,1381.4650893673104,0.36734278921340957,0.006545758907470939,3.755695747494403e-05,20.65045648123487,1625,1.9820198815523327e-06,2.8307738375588087e-06,18,6.750537906441423e-06,0.20163025035344614
wave1,w50_data_s1,data,1,50,4,True,test,C,5-20GeV,286.9085617297955,2694.137737546089,491.5133297176704,0.1468960419037102,0.00038665300420644757,2.9427750111091264e-05,4.010366603324655,857,1.9820198815523327e-06,6.594778056978612e-07,10,1.7530226159578888e-06,0.14228742605375028
wave1,w50_data_s1,data,1,50,4,True,test,C,20-200GeV,222.63048917710694,1203.6975246413845,346.6595354460873,0.13919413103050982,0.0006778557576491193,9.466815787952466e-05,0.7430259263347949,311,1.9820198815523327e-06,1.1178560299640594e-06,4,4.790932095488643e-07,0.009702852425164103
wave1,w50_data_s1,data,1,50,4,True,test,C,all,483.63259346169053,4342.896810808272,848.9626516880548,0.21418812919925603,0.004002518077291113,3.755695747494403e-05,6.63368461363234,2793,1.9820198815523327e-06,1.9820198815523327e-06,32,5.807194725093723e-07,3.303541561407996
wave1,w50_data_s2,data,2,50,4,True,val,A,1-5GeV,921.9738329253012,47781.15522960903,1533.156287236175,0.501772139811521,0.17361749009955726,0.014100236512016827,25.804742523524773,350,0.0007444257531519227,0.002909424121233517,19,0.0028088209010346255,7173.877347743397
wave1,w50_data_s2,data,2,50,4,True,val,A,5-20GeV,257.1844956659444,5674.037280557916,911.1699498960327,0.19424224319512795,0.0488923003081581,0.0088657108405635,11.007220319043443,184,0.0007444257531519227,0.020400536357767507,9,0.0005096686157557428,2306.1250752016567
wave1,w50_data_s2,data,2,50,4,True,val,A,20-200GeV,606.6253463919622,7682.112215046456,1123.9102566670592,0.223692209585596,0.17678414318547414,0.04677485466538428,15.481654977695825,98,0.0007444257531519227,0.0004550318470283865,4,0.0009147414785637409,436.5695393626081
wave1,w50_data_s2,data,2,50,4,True,val,A,all,636.4813407930152,22411.449040217136,1172.3631750565614,0.3057737945705852,0.13779612472108005,0.014264144436032383,15.482794052115722,632,0.0007444257531519227,0.0007444257531519227,32,0.0012975941081627695,10095.745280850735
wave1,w50_data_s2,data,2,50,4,True,val,B,1-5GeV,5745.028600085902,79995.49278461478,8238.466800614418,4.635187606127245,0.00021171497526998055,1.7406772441205948e-05,1181464.7237645744,219,29.06626263219181,194.32988753253255,14,239.1203764747729,31863.319386796837
wave1,w50_data_s2,data,2,50,4,True,val,B,5-20GeV,2020.8162588620125,20153.454219023883,2741.2742296529514,1.0145591748324523,0.0003609366307035917,1.5270238759860808e-05,360379.6349347898,268,29.06626263219181,18.868742882830247,13,23.771840872143457,312.6197581884921
wave1,w50_data_s2,data,2,50,4,True,val,B,20-200GeV,1364.6873314693555,13644.879118833744,2313.1572071727715,0.828317966587,0.007004510554888892,5.668734681279383e-05,104397.23230693299,94,29.06626263219181,8.451150669401386,5,6.659794481365111,77.86268877226932
wave1,w50_data_s2,data,2,50,4,True,val,B,all,2718.248107234956,41298.81245387389,4075.311956789619,1.6378056178515261,0.0013795535090744303,1.8392630345232363e-05,468725.43876780034,581,29.06626263219181,29.06626263219181,32,46.362551442712174,10372.636338919856
wave1,w50_data_s2,data,2,50,4,True,val,C,1-5GeV,736.2643363750578,5475.032482404117,1187.2038446117017,0.3961220910150276,0.0027724219262041266,3.315394719789051e-05,24.01565099967229,1541,1.9820198815523327e-06,2.8307738375588087e-06,18,6.750537906441423e-06,0.20163025035344614
wave1,w50_data_s2,data,2,50,4,True,val,C,5-20GeV,285.2374993937943,2476.3732795553324,506.51553782626024,0.11801095588459543,0.00039676733497433903,2.1048264105099795e-05,3.982292308535307,901,1.9820198815523327e-06,6.594778056978612e-07,10,1.7530226159578888e-06,0.14228742605375028
wave1,w50_data_s2,data,2,50,4,True,val,C,20-200GeV,158.49798777179254,1358.8988168187939,339.80953223194365,0.09108641529223267,0.00037065065317918867,0.00012109810338899453,0.6156453043622001,314,1.9820198815523327e-06,1.1178560299640594e-06,4,4.790932095488643e-07,0.009702852425164103
wave1,w50_data_s2,data,2,50,4,True,val,C,all,476.99993263194074,4162.711502045511,772.7423307970867,0.22342281302483324,0.0017221240428848706,3.3517677266308585e-05,6.048405576626337,2756,1.9820198815523327e-06,1.9820198815523327e-06,32,5.807194725093723e-07,3.303541561407996
wave1,w50_data_s2,data,2,50,4,True,test,A,1-5GeV,1047.9131377768445,45469.957635616825,1781.195884824516,0.5278849403718647,0.20742173416999188,0.034687432808973975,31.11023947234115,324,0.0007444257531519227,0.002909424121233517,19,0.0028088209010346255,7173.877347743397
wave1,w50_data_s2,data,2,50,4,True,test,A,5-20GeV,259.7879493614105,7083.22337104413,831.3672157470131,0.1990667142509669,0.06999938503179359,0.00919270863126047,9.80516663159503,191,0.0007444257531519227,0.020400536357767507,9,0.0005096686157557428,2306.1250752016567
wave1,w50_data_s2,data,2,50,4,True,test,A,20-200GeV,442.919359969459,3414.60746264251,1051.0945611052089,0.1829904753200438,0.16580561092678195,0.02320550169880274,5.945399012586616,89,0.0007444257531519227,0.0004550318470283865,4,0.0009147414785637409,436.5695393626081
wave1,w50_data_s2,data,2,50,4,True,test,A,all,640.6297758712966,24596.803635161436,1150.913900385758,0.2863527858162903,0.15783315196131384,0.015763823691501637,10.945522383782214,604,0.0007444257531519227,0.0007444257531519227,32,0.0012975941081627695,10095.745280850735
wave1,w50_data_s2,data,2,50,4,True,test,B,1-5GeV,5412.099331436252,83772.36056227036,8048.01923068726,3.898595071241462,0.0004463613242131257,1.519015945516407e-05,1197127.786821343,191,29.06626263219181,194.32988753253255,14,239.1203764747729,31863.319386796837
wave1,w50_data_s2,data,2,50,4,True,test,B,5-20GeV,1907.6817245885459,15403.875242717886,2548.943967256236,1.1255719316964965,0.00030241954293674825,1.4412187436977072e-05,355193.23732396663,278,29.06626263219181,18.868742882830247,13,23.771840872143457,312.6197581884921
wave1,w50_data_s2,data,2,50,4,True,test,B,20-200GeV,840.2771459050484,9561.302056177305,1823.8121769502413,0.6537480946497559,0.0003414630826743924,2.8778190167951723e-05,104910.80409850382,95,29.06626263219181,8.451150669401386,5,6.659794481365111,77.86268877226932
wave1,w50_data_s2,data,2,50,4,True,test,B,all,2394.688215544412,33603.51631404814,3467.997349454407,1.4838582067274295,0.0003577422672255147,1.697857681585357e-05,444074.60985912883,564,29.06626263219181,29.06626263219181,32,46.362551442712174,10372.636338919856
wave1,w50_data_s2,data,2,50,4,True,test,C,1-5GeV,780.7597386219278,5415.278431605475,1172.840581134892,0.43178375834199145,0.005279768635042182,3.454781696801849e-05,20.65045648123487,1625,1.9820198815523327e-06,2.8307738375588087e-06,18,6.750537906441423e-06,0.20163025035344614
wave1,w50_data_s2,data,2,50,4,True,test,C,5-20GeV,309.0954048294634,2361.0822929528226,500.00453535497513,0.11403108168545452,0.00041000089164819093,2.1731818153920584e-05,4.010366603324655,857,1.9820198815523327e-06,6.594778056978612e-07,10,1.7530226159578888e-06,0.14228742605375028
wave1,w50_data_s2,data,2,50,4,True,test,C,20-200GeV,167.95930999871177,1392.8129042076803,340.21423501758363,0.07976472035910696,0.0012779459439085082,9.709549936191222e-05,0.7430259263347949,311,1.9820198815523327e-06,1.1178560299640594e-06,4,4.790932095488643e-07,0.009702852425164103
wave1,w50_data_s2,data,2,50,4,True,test,C,all,509.89050923092805,4360.058023347529,776.3459417918455,0.24797305633553202,0.0033399341155179343,3.4945479966270265e-05,6.63368461363234,2793,1.9820198815523327e-06,1.9820198815523327e-06,32,5.807194725093723e-07,3.303541561407996
wave1,w50_physics_s0,physics,0,50,4,True,val,A,1-5GeV,1788.515704602401,93110.70770947692,2436.1817122938946,0.5411970690438541,0.3126426952866036,0.03713710538185172,25.804742523524773,350,0.0007444257531519227,0.002909424121233517,19,0.0028088209010346255,7173.877347743397
wave1,w50_physics_s0,physics,0,50,4,True,val,A,5-20GeV,978.5435392945658,19633.742867909266,981.678395408764,0.26304595181724133,0.2886909438047141,0.11196883097969312,11.007220319043443,184,0.0007444257531519227,0.020400536357767507,9,0.0005096686157557428,2306.1250752016567
wave1,w50_physics_s0,physics,0,50,4,True,val,A,20-200GeV,1545.06336395229,9616.309084377746,1442.0454597463581,0.24929080386597563,0.5753045133210511,0.7720677848025399,15.481654977695825,98,0.0007444257531519227,0.0004550318470283865,4,0.0009147414785637409,436.5695393626081
wave1,w50_physics_s0,physics,0,50,4,True,val,A,all,1445.9601591545234,53655.45826553067,1618.7456207594091,0.3705515102827538,0.34639860651240767,0.08713739349631802,15.482794052115722,632,0.0007444257531519227,0.0007444257531519227,32,0.0012975941081627695,10095.745280850735
wave1,w50_physics_s0,physics,0,50,4,True,val,B,1-5GeV,14322.235817655725,120537.1553664967,17339.588727972456,3.8199929337404543,0.0005516368821705468,9.141134594926255e-05,1181464.7237645744,219,29.06626263219181,194.32988753253255,14,239.1203764747729,31863.319386796837
wave1,w50_physics_s0,physics,0,50,4,True,val,B,5-20GeV,3287.6437071216174,48040.94995734548,5044.730173155414,1.5285399265154154,0.0016891795858311929,7.16358218002674e-05,360379.6349347898,268,29.06626263219181,18.868742882830247,13,23.771840872143457,312.6197581884921
wave1,w50_physics_s0,physics,0,50,4,True,val,B,20-200GeV,3756.92360116463,26238.96471990527,5192.155260244817,1.0977247103087384,0.008532046057657883,0.000288813746804146,104397.23230693299,94,29.06626263219181,8.451150669401386,5,6.659794481365111,77.86268877226932
wave1,w50_physics_s0,physics,0,50,4,True,val,B,all,5374.172546295313,96848.90829793812,7568.799424697943,1.992182402825081,0.002367505913283908,0.00011096031837952025,468725.43876780034,581,29.06626263219181,29.06626263219181,32,46.362551442712174,10372.636338919856
wave1,w50_physics_s0,physics,0,50,4,True,val,C,1-5GeV,803.080245865317,7137.954870154601,1491.625916499288,0.5488822032329588,0.005509310673383928,3.825442447435469e-05,24.01565099967229,1541,1.9820198815523327e-06,2.8307738375588087e-06,18,6.750537906441423e-06,0.20163025035344614
wave1,w50_physics_s0,physics,0,50,4,True,val,C,5-20GeV,394.4450059461033,2404.763068656507,736.0596200871896,0.20278819944664211,0.0006912308492517916,5.2903831118317084e-05,3.982292308535307,901,1.9820198815523327e-06,6.594778056978612e-07,10,1.7530226159578888e-06,0.14228742605375028
wave1,w50_physics_s0,physics,0,50,4,True,val,C,20-200GeV,282.9822317655564,1301.3420579291135,576.847249889589,0.14941764763568158,0.0008611701663566572,0.00014515118513503926,0.6156453043622001,314,1.9820198815523327e-06,1.1178560299640594e-06,4,4.790932095488643e-07,0.009702852425164103
wave1,w50_physics_s0,physics,0,50,4,True,val,C,all,563.9564798196091,5051.9008941741395,1045.599107448581,0.31325722923670685,0.003404591500397855,5.032216890296629e-05,6.048405576626337,2756,1.9820198815523327e-06,1.9820198815523327e-06,32,5.807194725093723e-07,3.303541561407996
wave1,w50_physics_s0,physics,0,50,4,True,test,A,1-5GeV,2262.221758822272,112651.22516244145,2950.4577883463153,0.711153325133565,0.3095890178007383,0.03464094321829875,31.11023947234115,324,0.0007444257531519227,0.002909424121233517,19,0.0028088209010346255,7173.877347743397
wave1,w50_physics_s0,physics,0,50,4,True,test,A,5-20GeV,1064.5308319044586,24535.051431300417,951.8164825996955,0.26544231549395503,0.3082095032228307,0.099602166735165,9.80516663159503,191,0.0007444257531519227,0.020400536357767507,9,0.0005096686157557428,2306.1250752016567
wave1,w50_physics_s0,physics,0,50,4,True,test,A,20-200GeV,1287.2243161082936,7621.322675186193,1143.818734218997,0.1978989935375458,0.5619581117668941,0.5960881322020755,5.945399012586616,89,0.0007444257531519227,0.0004550318470283865,4,0.0009147414785637409,436.5695393626081
wave1,w50_physics_s0,physics,0,50,4,True,test,A,all,1491.2787021250924,51305.41929269722,1571.705182328205,0.350665877225001,0.3463396172686316,0.08587519152450165,10.945522383782214,604,0.0007444257531519227,0.0007444257531519227,32,0.0012975941081627695,10095.745280850735
wave1,w50_physics_s0,physics,0,50,4,True,test,B,1-5GeV,13309.258578663275,150082.28116067016,15979.538112645514,4.5038334300258605,0.0006647985351992095,0.00010474228771938932,1197127.786821343,191,29.06626263219181,194.32988753253255,14,239.1203764747729,31863.319386796837
wave1,w50_physics_s0,physics,0,50,4,True,test,B,5-20GeV,3399.6851082093826,30359.01731010486,5892.198793952275,1.4455651159780634,0.0016178100048904237,5.509228751227132e-05,355193.23732396663,278,29.06626263219181,18.868742882830247,13,23.771840872143457,312.6197581884921
wave1,w50_physics_s0,physics,0,50,4,True,test,B,20-200GeV,2815.8743952427303,14391.82886730323,3704.5374625838576,0.8498745611234051,0.002599984559384358,0.00022133767127394835,104910.80409850382,95,29.06626263219181,8.451150669401386,5,6.659794481365111,77.86268877226932
wave1,w50_physics_s0,physics,0,50,4,True,test,B,all,4575.952843555286,76226.08699230883,7122.294617484016,1.6851195852538892,0.0014605075083760652,8.353769727451507e-05,444074.60985912883,564,29.06626263219181,29.06626263219181,32,46.362551442712174,10372.636338919856
wave1,w50_physics_s0,physics,0,50,4,True,test,C,1-5GeV,845.0128796255285,6290.382410356406,1537.4578585521376,0.5876126426185568,0.007483624889703386,4.387672743619142e-05,20.65045648123487,1625,1.9820198815523327e-06,2.8307738375588087e-06,18,6.750537906441423e-06,0.20163025035344614
wave1,w50_physics_s0,physics,0,50,4,True,test,C,5-20GeV,385.22265052488433,2081.4352983360377,741.9288138979008,0.19277589191653288,0.0007136093456779673,4.9144432824740684e-05,4.010366603324655,857,1.9820198815523327e-06,6.594778056978612e-07,10,1.7530226159578888e-06,0.14228742605375028
wave1,w50_physics_s0,physics,0,50,4,True,test,C,20-200GeV,332.0725996558589,1203.0597978422416,568.2827791023897,0.1445914026925038,0.0008791353037989801,0.0001795731306688104,0.7430259263347949,311,1.9820198815523327e-06,1.1178560299640594e-06,4,4.790932095488643e-07,0.009702852425164103
wave1,w50_physics_s0,physics,0,50,4,True,test,C,all,588.2174358878302,4967.767943756216,1036.066887317645,0.32146430027833395,0.004670914691906732,5.2249366322548766e-05,6.63368461363234,2793,1.9820198815523327e-06,1.9820198815523327e-06,32,5.807194725093723e-07,3.303541561407996
wave1,w50_physics_s1,physics,1,50,4,True,val,A,1-5GeV,1247.79803966873,89994.61543728122,2093.310890066169,0.3644323117014091,0.2676003053579769,0.04225163900051472,25.804742523524773,350,0.0007444257531519227,0.002909424121233517,19,0.0028088209010346255,7173.877347743397
wave1,w50_physics_s1,physics,1,50,4,True,val,A,5-20GeV,722.1150492753793,23154.355763765987,916.3315214100264,0.12962746282539628,0.18019040575070094,0.07238504234464307,11.007220319043443,184,0.0007444257531519227,0.020400536357767507,9,0.0005096686157557428,2306.1250752016567
wave1,w50_physics_s1,physics,1,50,4,True,val,A,20-200GeV,566.4563169537421,16437.751876258124,1254.0950713768207,0.16046314568565712,0.19209443226858827,0.17800512176437416,15.481654977695825,98,0.0007444257531519227,0.0004550318470283865,4,0.0009147414785637409,436.5695393626081
wave1,w50_physics_s1,physics,1,50,4,True,val,A,all,876.2164677489573,53372.7510712819,1476.7781253912428,0.23401524920199168,0.23044366439199768,0.07763098487115172,15.482794052115722,632,0.0007444257531519227,0.0007444257531519227,32,0.0012975941081627695,10095.745280850735
wave1,w50_physics_s1,physics,1,50,4,True,val,B,1-5GeV,16091.330716232222,118209.01760108465,18245.730440829106,4.174580090004904,0.0005262902724451782,0.0001026871310922141,1181464.7237645744,219,29.06626263219181,194.32988753253255,14,239.1203764747729,31863.319386796837
wave1,w50_physics_s1,physics,1,50,4,True,val,B,5-20GeV,4067.2902946302047,51141.92237513699,5542.348063550559,1.150259389238656,0.001333815256753806,6.512781166229974e-05,360379.6349347898,268,29.06626263219181,18.868742882830247,13,23.771840872143457,312.6197581884921
wave1,w50_physics_s1,physics,1,50,4,True,val,B,20-200GeV,3595.5764740266573,21268.241332080936,4796.560830536492,0.9918907411133361,0.013761748896615324,0.0002954888053673817,104397.23230693299,94,29.06626263219181,8.451150669401386,5,6.659794481365111,77.86268877226932
wave1,w50_physics_s1,physics,1,50,4,True,val,B,all,5511.679844835953,82105.58812705267,7810.134889653654,1.5832357180630696,0.0030401453610281494,9.673682012820012e-05,468725.43876780034,581,29.06626263219181,29.06626263219181,32,46.362551442712174,10372.636338919856
wave1,w50_physics_s1,physics,1,50,4,True,val,C,1-5GeV,825.489129897818,5674.5170745812175,1619.81939113854,0.4462326246328363,0.004600052655214983,4.124876989350148e-05,24.01565099967229,1541,1.9820198815523327e-06,2.8307738375588087e-06,18,6.750537906441423e-06,0.20163025035344614
wave1,w50_physics_s1,physics,1,50,4,True,val,C,5-20GeV,334.5748785129956,2821.4906616515236,712.092810660701,0.15179419991509513,0.0007286790828745931,4.484277782238559e-05,3.982292308535307,901,1.9820198815523327e-06,6.594778056978612e-07,10,1.7530226159578888e-06,0.14228742605375028
wave1,w50_physics_s1,physics,1,50,4,True,val,C,20-200GeV,219.92085071818514,998.2100217503821,517.2537514394485,0.13522398658550216,0.0009932801217458008,0.00011754361473953676,0.6156453043622001,314,1.9820198815523327e-06,1.1178560299640594e-06,4,4.790932095488643e-07,0.009702852425164103
wave1,w50_physics_s1,physics,1,50,4,True,val,C,all,511.08689492913584,4427.676484984446,1042.7200467599675,0.25679487041127547,0.0029234800266997375,4.516925489994278e-05,6.048405576626337,2756,1.9820198815523327e-06,1.9820198815523327e-06,32,5.807194725093723e-07,3.303541561407996
wave1,w50_physics_s1,physics,1,50,4,True,test,A,1-5GeV,1642.162501153845,87658.4026002996,2559.971242012697,0.41693324910579976,0.30108185591146325,0.05097914160664465,31.11023947234115,324,0.0007444257531519227,0.002909424121233517,19,0.0028088209010346255,7173.877347743397
wave1,w50_physics_s1,physics,1,50,4,True,test,A,5-20GeV,711.1798250274563,23252.44754744904,938.0843342928074,0.12962298824155394,0.19077956082203312,0.08811334654060271,9.80516663159503,191,0.0007444257531519227,0.020400536357767507,9,0.0005096686157557428,2306.1250752016567
wave1,w50_physics_s1,physics,1,50,4,True,test,A,20-200GeV,540.979065853136,18677.419232952885,916.8956161085482,0.10699661237319928,0.19138909840589308,0.19165764957428447,5.945399012586616,89,0.0007444257531519227,0.0004550318470283865,4,0.0009147414785637409,436.5695393626081
wave1,w50_physics_s1,physics,1,50,4,True,test,A,all,916.13412510441,46657.30009095856,1492.5664252376991,0.23256419612298784,0.25003815760007764,0.10535269071321164,10.945522383782214,604,0.0007444257531519227,0.0007444257531519227,32,0.0012975941081627695,10095.745280850735
wave1,w50_physics_s1,physics,1,50,4,True,test,B,1-5GeV,12266.78878895666,140082.28807179036,15188.753998653421,4.093036762708557,0.0005521575905375721,8.431774467907737e-05,1197127.786821343,191,29.06626263219181,194.32988753253255,14,239.1203764747729,31863.319386796837
wave1,w50_physics_s1,physics,1,50,4,True,test,B,5-20GeV,4060.3696081840185,32986.98307095192,5805.341739366866,1.2028908338304334,0.0014218476402570097,6.666635599802959e-05,355193.23732396663,278,29.06626263219181,18.868742882830247,13,23.771840872143457,312.6197581884921
wave1,w50_physics_s1,physics,1,50,4,True,test,B,20-200GeV,2863.891596715547,14336.328420210253,3459.938369001399,0.9579177637839414,0.0068255577883761034,0.00023253290547464814,104910.80409850382,95,29.06626263219181,8.451150669401386,5,6.659794481365111,77.86268877226932
wave1,w50_physics_s1,physics,1,50,4,True,test,B,all,5176.882041890942,68782.65180857504,7104.302843250267,1.505764751386144,0.0020375243504961965,9.112702520745559e-05,444074.60985912883,564,29.06626263219181,29.06626263219181,32,46.362551442712174,10372.636338919856
wave1,w50_physics_s1,physics,1,50,4,True,test,C,1-5GeV,789.7669223109034,6445.917204841042,1545.6368073606086,0.4463627390685898,0.005897921158849399,4.3895140746455776e-05,20.65045648123487,1625,1.9820198815523327e-06,2.8307738375588087e-06,18,6.750537906441423e-06,0.20163025035344614
wave1,w50_physics_s1,physics,1,50,4,True,test,C,5-20GeV,312.6497706753586,2492.12040260815,708.9278290020751,0.1592436734424319,0.0005797397082742006,3.457995425614539e-05,4.010366603324655,857,1.9820198815523327e-06,6.594778056978612e-07,10,1.7530226159578888e-06,0.14228742605375028
wave1,w50_physics_s1,physics,1,50,4,True,test,C,20-200GeV,231.27631166356542,1077.1388751719542,502.0892153677385,0.13862108771582787,0.0016207692757658518,0.00016154436538421622,0.7430259263347949,311,1.9820198815523327e-06,1.1178560299640594e-06,4,4.790932095488643e-07,0.009702852425164103
wave1,w50_physics_s1,physics,1,50,4,True,test,C,all,528.2206948985504,4881.778971440258,1049.3421901469446,0.26439192341198847,0.0037898381875705127,4.481169576869778e-05,6.63368461363234,2793,1.9820198815523327e-06,1.9820198815523327e-06,32,5.807194725093723e-07,3.303541561407996
wave1,w50_physics_s2,physics,2,50,4,True,val,A,1-5GeV,1723.9497733231808,140855.5400293693,2955.226650656744,0.9647357221370543,0.3227356363241576,0.09352996582997068,25.804742523524773,350,0.0007444257531519227,0.002909424121233517,19,0.0028088209010346255,7173.877347743397
wave1,w50_physics_s2,physics,2,50,4,True,val,A,5-20GeV,561.0239193980502,49718.24782998745,1084.8658691039147,0.4656543473880075,0.15689099985734795,0.04661628497352868,11.007220319043443,184,0.0007444257531519227,0.020400536357767507,9,0.0005096686157557428,2306.1250752016567
wave1,w50_physics_s2,physics,2,50,4,True,val,A,20-200GeV,847.1875861951244,40455.471061408796,1572.3614434070057,0.2610549876613396,0.33400785315237813,0.2031559899719761,15.481654977695825,98,0.0007444257531519227,0.0004550318470283865,4,0.0009147414785637409,436.5695393626081
wave1,w50_physics_s2,physics,2,50,4,True,val,A,all,1145.744031551847,89957.42531287564,1995.2210305446788,0.6146405712240907,0.2761996618609813,0.07818327867246898,15.482794052115722,632,0.0007444257531519227,0.0007444257531519227,32,0.0012975941081627695,10095.745280850735
wave1,w50_physics_s2,physics,2,50,4,True,val,B,1-5GeV,21547.81233417907,194749.21361461637,27448.62605930052,6.547802382029067,0.0009763805486465628,0.00025838158268136184,1181464.7237645744,219,29.06626263219181,194.32988753253255,14,239.1203764747729,31863.319386796837
wave1,w50_physics_s2,physics,2,50,4,True,val,B,5-20GeV,5828.863083303375,59104.35415785391,8865.51032164897,3.2785646375366357,0.002544619350653536,0.00020379238384200904,360379.6349347898,268,29.06626263219181,18.868742882830247,13,23.771840872143457,312.6197581884921
wave1,w50_physics_s2,physics,2,50,4,True,val,B,20-200GeV,7840.5579673953835,39048.097524672885,8683.316834462858,2.3148532823744903,0.0309561998966398,0.0015504903404464608,104397.23230693299,94,29.06626263219181,8.451150669401386,5,6.659794481365111,77.86268877226932
wave1,w50_physics_s2,physics,2,50,4,True,val,B,all,9421.510096884616,130511.97619543292,12990.358327733815,3.8046307563030792,0.0065502032984731265,0.00028970647995134145,468725.43876780034,581,29.06626263219181,29.06626263219181,32,46.362551442712174,10372.636338919856
wave1,w50_physics_s2,physics,2,50,4,True,val,C,1-5GeV,1350.6420784928246,7280.680849527556,2094.1560936521455,0.5284173816683807,0.006912830253444528,7.672735276945991e-05,24.01565099967229,1541,1.9820198815523327e-06,2.8307738375588087e-06,18,6.750537906441423e-06,0.20163025035344614
wave1,w50_physics_s2,physics,2,50,4,True,val,C,5-20GeV,485.1914927106975,3447.5632828714424,774.2337958682022,0.1757503904561723,0.0008619178538784049,4.0221461005756586e-05,3.982292308535307,901,1.9820198815523327e-06,6.594778056978612e-07,10,1.7530226159578888e-06,0.14228742605375028
wave1,w50_physics_s2,physics,2,50,4,True,val,C,20-200GeV,195.54802666648817,1701.5201754293282,437.32911822416145,0.10040607196812107,0.0012076898974274634,3.751221375881074e-05,0.6156453043622001,314,1.9820198815523327e-06,1.1178560299640594e-06,4,4.790932095488643e-07,0.009702852425164103
wave1,w50_physics_s2,physics,2,50,4,True,val,C,all,895.6606488425454,5852.1955209686785,1320.680772929169,0.29051727676056044,0.00428464224771215,5.483294537736791e-05,6.048405576626337,2756,1.9820198815523327e-06,1.9820198815523327e-06,32,5.807194725093723e-07,3.303541561407996
wave1,w50_physics_s2,physics,2,50,4,True,test,A,1-5GeV,2072.60773572001,140733.86270161526,3298.8260406887853,1.0332084500106995,0.3065724044787194,0.08506733978063669,31.11023947234115,324,0.0007444257531519227,0.002909424121233517,19,0.0028088209010346255,7173.877347743397
wave1,w50_physics_s2,physics,2,50,4,True,test,A,5-20GeV,548.6743060300507,37425.88457137981,1052.157973291642,0.43059474972793194,0.16608810615743932,0.044541152734196426,9.80516663159503,191,0.0007444257531519227,0.020400536357767507,9,0.0005096686157557428,2306.1250752016567
wave1,w50_physics_s2,physics,2,50,4,True,test,A,20-200GeV,551.9529538362669,13887.94444935186,1335.8501446159655,0.22469471273426667,0.3035647779476514,0.12438813629171262,5.945399012586616,89,0.0007444257531519227,0.0004550318470283865,4,0.0009147414785637409,436.5695393626081
wave1,w50_physics_s2,physics,2,50,4,True,test,A,all,1102.0367400621767,101254.92645438078,1913.1856008681084,0.5837020383530588,0.2617045572260215,0.06280928554143778,10.945522383782214,604,0.0007444257531519227,0.0007444257531519227,32,0.0012975941081627695,10095.745280850735
wave1,w50_physics_s2,physics,2,50,4,True,test,B,1-5GeV,18827.114016827636,219105.71268837873,24081.96589497129,7.065123899664516,0.001262517668077745,0.00023187523218731192,1197127.786821343,191,29.06626263219181,194.32988753253255,14,239.1203764747729,31863.319386796837
wave1,w50_physics_s2,physics,2,50,4,True,test,B,5-20GeV,6558.236711260406,41904.13878002596,9012.680048437602,3.526680761487915,0.0029272983401054235,0.0001958781178799001,355193.23732396663,278,29.06626263219181,18.868742882830247,13,23.771840872143457,312.6197581884921
wave1,w50_physics_s2,physics,2,50,4,True,test,B,20-200GeV,5545.013469139022,24798.961045740623,6163.79611516183,2.3188507404329624,0.011932711451938702,0.0010925970519160618,104910.80409850382,95,29.06626263219181,8.451150669401386,5,6.659794481365111,77.86268877226932
wave1,w50_physics_s2,physics,2,50,4,True,test,B,all,9130.436226178317,107347.44046809594,11203.112984505231,3.6710333170268394,0.0038803854629190313,0.0003016356003598575,444074.60985912883,564,29.06626263219181,29.06626263219181,32,46.362551442712174,10372.636338919856
wave1,w50_physics_s2,physics,2,50,4,True,test,C,1-5GeV,1323.9991450684556,8733.377702983074,2016.5804731839216,0.586637237305454,0.010924575716744595,7.683521853779794e-05,20.65045648123487,1625,1.9820198815523327e-06,2.8307738375588087e-06,18,6.750537906441423e-06,0.20163025035344614
wave1,w50_physics_s2,physics,2,50,4,True,test,C,5-20GeV,429.59453687346286,3071.6289046173133,808.8262539235416,0.17270068198989297,0.0006356409797311319,3.474889925203738e-05,4.010366603324655,857,1.9820198815523327e-06,6.594778056978612e-07,10,1.7530226159578888e-06,0.14228742605375028
wave1,w50_physics_s2,physics,2,50,4,True,test,C,20-200GeV,215.8643902944748,1534.249876509331,441.0373993724726,0.0949516218083403,0.004174652960572387,3.313368110136878e-05,0.7430259263347949,311,1.9820198815523327e-06,1.1178560299640594e-06,4,4.790932095488643e-07,0.009702852425164103
wave1,w50_physics_s2,physics,2,50,4,True,test,C,all,880.6107764125102,6597.967088616358,1327.5467786559007,0.3117081075130479,0.007015931589716277,5.220512452137093e-05,6.63368461363234,2793,1.9820198815523327e-06,1.9820198815523327e-06,32,5.807194725093723e-07,3.303541561407996
wave1,w50_physics_s3,physics,3,50,4,True,val,A,1-5GeV,1550.4796264369838,143224.12045494557,3519.0870690579504,1.204362300564432,0.31202114542629417,0.056167170096141986,25.804742523524773,350,0.0007444257531519227,0.002909424121233517,19,0.0028088209010346255,7173.877347743397
wave1,w50_physics_s3,physics,3,50,4,True,val,A,5-20GeV,534.5432635706482,42405.04449385323,1204.4413745873437,0.45473740137235397,0.1401780512512713,0.05608923271929997,11.007220319043443,184,0.0007444257531519227,0.020400536357767507,9,0.0005096686157557428,2306.1250752016567
wave1,w50_physics_s3,physics,3,50,4,True,val,A,20-200GeV,782.8584468525746,43932.23344981396,1327.7753258895013,0.3467380134485184,0.3062692424986142,0.15463972193068176,15.481654977695825,98,0.0007444257531519227,0.0004550318470283865,4,0.0009147414785637409,436.5695393626081
wave1,w50_physics_s3,physics,3,50,4,True,val,A,all,1078.6879657250183,66377.53884274887,1765.5240239618088,0.6598468189381174,0.26109896850364095,0.06679179949110298,15.482794052115722,632,0.0007444257531519227,0.0007444257531519227,32,0.0012975941081627695,10095.745280850735
wave1,w50_physics_s3,physics,3,50,4,True,val,B,1-5GeV,22749.374130686418,202564.79783712092,27445.09242785148,8.93676887982242,0.000962660620093795,0.0003552281651599453,1181464.7237645744,219,29.06626263219181,194.32988753253255,14,239.1203764747729,31863.319386796837
wave1,w50_physics_s3,physics,3,50,4,True,val,B,5-20GeV,7276.198592020588,76453.5963206709,10286.169139101332,3.870276915708959,0.0025895106728090742,0.0002523993399659466,360379.6349347898,268,29.06626263219181,18.868742882830247,13,23.771840872143457,312.6197581884921
wave1,w50_physics_s3,physics,3,50,4,True,val,B,20-200GeV,6727.446423826457,44184.84361495868,8636.615356779002,2.1896328574635557,0.013831270866829113,0.0010231431965756867,104397.23230693299,94,29.06626263219181,8.451150669401386,5,6.659794481365111,77.86268877226932
wave1,w50_physics_s3,physics,3,50,4,True,val,B,all,9863.196477062644,126477.3371518175,14566.686903871869,4.613646131135574,0.003795096381403287,0.0003637719358549596,468725.43876780034,581,29.06626263219181,29.06626263219181,32,46.362551442712174,10372.636338919856
wave1,w50_physics_s3,physics,3,50,4,True,val,C,1-5GeV,986.7493722396113,7132.247499170802,1930.4319461628552,0.6332155168081548,0.004938409782700043,6.247380006094558e-05,24.01565099967229,1541,1.9820198815523327e-06,2.8307738375588087e-06,18,6.750537906441423e-06,0.20163025035344614
wave1,w50_physics_s3,physics,3,50,4,True,val,C,5-20GeV,295.6125930248454,2961.4842436332938,936.0644763881396,0.16179056203217967,0.0008292445849488005,4.8215489562171616e-05,3.982292308535307,901,1.9820198815523327e-06,6.594778056978612e-07,10,1.7530226159578888e-06,0.14228742605375028
wave1,w50_physics_s3,physics,3,50,4,True,val,C,20-200GeV,191.499206740938,1448.6093571984704,583.3517904008431,0.08829855505687795,0.0006578977702839547,0.00011843888502264442,0.6156453043622001,314,1.9820198815523327e-06,1.1178560299640594e-06,4,4.790932095488643e-07,0.009702852425164103
wave1,w50_physics_s3,physics,3,50,4,True,val,C,all,586.8498043068229,5462.70999779054,1298.7859683644274,0.337599301741872,0.0031073362648943387,5.949163733403366e-05,6.048405576626337,2756,1.9820198815523327e-06,1.9820198815523327e-06,32,5.807194725093723e-07,3.303541561407996
wave1,w50_physics_s3,physics,3,50,4,True,test,A,1-5GeV,1890.3803543065828,134552.50552711304,3756.8918967875074,1.0773913451565253,0.32839936192234404,0.0729273479155402,31.11023947234115,324,0.0007444257531519227,0.002909424121233517,19,0.0028088209010346255,7173.877347743397
wave1,w50_physics_s3,physics,3,50,4,True,test,A,5-20GeV,522.2592257960583,29028.361638420676,1171.16341745013,0.5037960070188724,0.1731602157131418,0.06147871879854645,9.80516663159503,191,0.0007444257531519227,0.020400536357767507,9,0.0005096686157557428,2306.1250752016567
wave1,w50_physics_s3,physics,3,50,4,True,test,A,20-200GeV,512.3075732561189,15460.440087727082,1161.9631500707794,0.2296314075737973,0.283067471987779,0.12208495277424447,5.945399012586616,89,0.0007444257531519227,0.0004550318470283865,4,0.0009147414785637409,436.5695393626081
wave1,w50_physics_s3,physics,3,50,4,True,test,A,all,1089.7767434642237,71089.56580260073,1922.2885191898354,0.6338462369742697,0.2726291381969568,0.07464331196413032,10.945522383782214,604,0.0007444257531519227,0.0007444257531519227,32,0.0012975941081627695,10095.745280850735
wave1,w50_physics_s3,physics,3,50,4,True,test,B,1-5GeV,23074.949738296025,230150.2997863231,26619.220416601594,10.203669648356243,0.0010367820343437104,0.00031397394904807623,1197127.786821343,191,29.06626263219181,194.32988753253255,14,239.1203764747729,31863.319386796837
wave1,w50_physics_s3,physics,3,50,4,True,test,B,5-20GeV,7672.261787092381,45732.72228800247,10381.336058782608,4.037700799131141,0.0024429284076794957,0.0002271700611211238,355193.23732396663,278,29.06626263219181,18.868742882830247,13,23.771840872143457,312.6197581884921
wave1,w50_physics_s3,physics,3,50,4,True,test,B,20-200GeV,5152.685763676516,24215.622242127967,7331.660464910669,2.8839516247298884,0.0032461132348300913,0.0009544925871401078,104910.80409850382,95,29.06626263219181,8.451150669401386,5,6.659794481365111,77.86268877226932
wave1,w50_physics_s3,physics,3,50,4,True,test,B,all,9004.838073520881,107577.3229655685,12822.90982074764,4.452234130802146,0.0021020216723464666,0.0003450056460491017,444074.60985912883,564,29.06626263219181,29.06626263219181,32,46.362551442712174,10372.636338919856
wave1,w50_physics_s3,physics,3,50,4,True,test,C,1-5GeV,1070.0001552315257,8641.17756879352,1877.9109559448364,0.6340318527571844,0.005967223765961676,6.745621519693266e-05,20.65045648123487,1625,1.9820198815523327e-06,2.8307738375588087e-06,18,6.750537906441423e-06,0.20163025035344614
wave1,w50_physics_s3,physics,3,50,4,True,test,C,5-20GeV,319.5801414167718,2914.0656043734925,984.3745614578268,0.16239287534761854,0.0005651701995081877,3.854625295816778e-05,4.010366603324655,857,1.9820198815523327e-06,6.594778056978612e-07,10,1.7530226159578888e-06,0.14228742605375028
wave1,w50_physics_s3,physics,3,50,4,True,test,C,20-200GeV,161.1752620660738,1489.0859755922463,572.9263038801413,0.10317357566634426,0.0017323325243104295,7.041855616795338e-05,0.7430259263347949,311,1.9820198815523327e-06,1.1178560299640594e-06,4,4.790932095488643e-07,0.009702852425164103
wave1,w50_physics_s3,physics,3,50,4,True,test,C,all,607.7879656547793,6271.968509740582,1327.20095664612,0.37012050899173576,0.0038381113124693104,6.172140532544507e-05,6.63368461363234,2793,1.9820198815523327e-06,1.9820198815523327e-06,32,5.807194725093723e-07,3.303541561407996
wave1,w50_physics_s4,physics,4,50,4,True,val,A,1-5GeV,925.3094949278694,101845.26878882872,1853.5843969964044,0.5180861987030472,0.17920762730053388,0.037767920601121524,25.804742523524773,350,0.0007444257531519227,0.002909424121233517,19,0.0028088209010346255,7173.877347743397
wave1,w50_physics_s4,physics,4,50,4,True,val,A,5-20GeV,369.27743833531446,23257.55463199346,610.5907175432425,0.20823550622833809,0.09496895066568727,0.05934078060015592,11.007220319043443,184,0.0007444257531519227,0.020400536357767507,9,0.0005096686157557428,2306.1250752016567
wave1,w50_physics_s4,physics,4,50,4,True,val,A,20-200GeV,344.1107480051776,14079.222117934005,1076.7497613339103,0.38665736375598486,0.1228467894611515,0.04730638762165073,15.481654977695825,98,0.0007444257531519227,0.0004550318470283865,4,0.0009147414785637409,436.5695393626081
wave1,w50_physics_s4,physics,4,50,4,True,val,A,all,609.7499651063629,58093.01069307669,1273.8979270699272,0.3925307822391644,0.14594294595706672,0.04721588256521744,15.482794052115722,632,0.0007444257531519227,0.0007444257531519227,32,0.0012975941081627695,10095.745280850735
wave1,w50_physics_s4,physics,4,50,4,True,val,B,1-5GeV,15558.790676624085,131792.6768052592,18561.82231158607,3.9866238684485094,0.0005580758542591339,0.00011123176323094475,1181464.7237645744,219,29.06626263219181,194.32988753253255,14,239.1203764747729,31863.319386796837
wave1,w50_physics_s4,physics,4,50,4,True,val,B,5-20GeV,3580.8196803576493,66928.44356072377,5001.946836520688,1.1671672928600159,0.0021428115392350833,4.857248767149737e-05,360379.6349347898,268,29.06626263219181,18.868742882830247,13,23.771840872143457,312.6197581884921
wave1,w50_physics_s4,physics,4,50,4,True,val,B,20-200GeV,3326.6400205476857,21409.368148434005,5327.46858538755,0.9830745068227855,0.007323264168084645,0.0002650088259377464,104397.23230693299,94,29.06626263219181,8.451150669401386,5,6.659794481365111,77.86268877226932
wave1,w50_physics_s4,physics,4,50,4,True,val,B,all,6388.648448950931,91647.78708867833,7993.134050823073,1.5460222374160393,0.0023836126271905497,8.435903221815186e-05,468725.43876780034,581,29.06626263219181,29.06626263219181,32,46.362551442712174,10372.636338919856
wave1,w50_physics_s4,physics,4,50,4,True,val,C,1-5GeV,732.8044284905673,5698.14671664426,1384.4263214626044,0.3798056184971532,0.002940472772870473,3.000910576922464e-05,24.01565099967229,1541,1.9820198815523327e-06,2.8307738375588087e-06,18,6.750537906441423e-06,0.20163025035344614
wave1,w50_physics_s4,physics,4,50,4,True,val,C,5-20GeV,311.48998062620416,1830.1072678640046,746.7196756745125,0.1351630095233064,0.0003417895141649892,3.581380299224493e-05,3.982292308535307,901,1.9820198815523327e-06,6.594778056978612e-07,10,1.7530226159578888e-06,0.14228742605375028
wave1,w50_physics_s4,physics,4,50,4,True,val,C,20-200GeV,210.99596693200527,1032.7274247680098,334.27836018979565,0.10693517421095727,0.00034229839998787853,0.00011915921749567646,0.6156453043622001,314,1.9820198815523327e-06,1.1178560299640594e-06,4,4.790932095488643e-07,0.009702852425164103
wave1,w50_physics_s4,physics,4,50,4,True,val,C,all,497.54025401068924,4164.767311794016,994.3718054769306,0.2249847884669698,0.0017948848304979127,3.901909044754229e-05,6.048405576626337,2756,1.9820198815523327e-06,1.9820198815523327e-06,32,5.807194725093723e-07,3.303541561407996
wave1,w50_physics_s4,physics,4,50,4,True,test,A,1-5GeV,1297.4915516180872,84602.84305503186,2343.7272186329374,0.5518452719088136,0.2121075724166865,0.0419633290947129,31.11023947234115,324,0.0007444257531519227,0.002909424121233517,19,0.0028088209010346255,7173.877347743397
wave1,w50_physics_s4,physics,4,50,4,True,test,A,5-20GeV,360.59269973760536,22023.700176134982,621.1807266530247,0.23173754609846775,0.1013816689394553,0.05880584821763422,9.80516663159503,191,0.0007444257531519227,0.020400536357767507,9,0.0005096686157557428,2306.1250752016567
wave1,w50_physics_s4,physics,4,50,4,True,test,A,20-200GeV,317.8928261999175,10918.769997874571,775.6837573995117,0.24558968078608295,0.10334399048022226,0.06670582014502548,5.945399012586616,89,0.0007444257531519227,0.0004550318470283865,4,0.0009147414785637409,436.5695393626081
wave1,w50_physics_s4,physics,4,50,4,True,test,A,all,601.2445907405975,57496.428075597774,1231.088552259957,0.39906974007788804,0.1610668334158645,0.05314565630125198,10.945522383782214,604,0.0007444257531519227,0.0007444257531519227,32,0.0012975941081627695,10095.745280850735
wave1,w50_physics_s4,physics,4,50,4,True,test,B,1-5GeV,16355.4246817298,135234.2016401037,19029.852486726668,4.417881177119054,0.0006072687097070668,0.00013470547548351974,1197127.786821343,191,29.06626263219181,194.32988753253255,14,239.1203764747729,31863.319386796837
wave1,w50_physics_s4,physics,4,50,4,True,test,B,5-20GeV,3695.116579555389,38980.300268845785,5303.686170100647,1.3344843244780178,0.001619661408201095,4.274479755257468e-05,355193.23732396663,278,29.06626263219181,18.868742882830247,13,23.771840872143457,312.6197581884921
wave1,w50_physics_s4,physics,4,50,4,True,test,B,20-200GeV,2164.9422830470826,18910.204723358656,3785.908878706692,1.0638492108106106,0.0077112238494848676,0.0001678388092492133,104910.80409850382,95,29.06626263219181,8.451150669401386,5,6.659794481365111,77.86268877226932
wave1,w50_physics_s4,physics,4,50,4,True,test,B,all,5353.602745638909,69047.29103091807,7094.591673880643,1.6533095031183997,0.0023028731573315896,9.246334145628512e-05,444074.60985912883,564,29.06626263219181,29.06626263219181,32,46.362551442712174,10372.636338919856
wave1,w50_physics_s4,physics,4,50,4,True,test,C,1-5GeV,728.536801875947,5355.229512552294,1381.7519570709464,0.3657807371579419,0.003563470763998018,3.4047848098604367e-05,20.65045648123487,1625,1.9820198815523327e-06,2.8307738375588087e-06,18,6.750537906441423e-06,0.20163025035344614
wave1,w50_physics_s4,physics,4,50,4,True,test,C,5-20GeV,285.1587083816245,1676.531338842037,736.7672968155787,0.1260983841928076,0.00033049635305320364,2.969617306960192e-05,4.010366603324655,857,1.9820198815523327e-06,6.594778056978612e-07,10,1.7530226159578888e-06,0.14228742605375028
wave1,w50_physics_s4,physics,4,50,4,True,test,C,20-200GeV,215.93647781417147,1095.4440750271317,387.24309213137786,0.10386584225298423,0.000572524904523986,0.00010275677268076458,0.7430259263347949,311,1.9820198815523327e-06,1.1178560299640594e-06,4,4.790932095488643e-07,0.009702852425164103
wave1,w50_physics_s4,physics,4,50,4,True,test,C,all,496.40350291111446,3930.148539085899,1014.9831145531962,0.22473732634155363,0.002238428432284402,3.733189017005092e-05,6.63368461363234,2793,1.9820198815523327e-06,1.9820198815523327e-06,32,5.807194725093723e-07,3.303541561407996
wave1,w50_physics_s5,physics,5,50,4,True,val,A,1-5GeV,1535.9388988114197,130155.55279980422,2270.335303077455,0.6795948934282792,0.2853113378861551,0.0627072899269018,25.804742523524773,350,0.0007444257531519227,0.002909424121233517,19,0.0028088209010346255,7173.877347743397
wave1,w50_physics_s5,physics,5,50,4,True,val,A,5-20GeV,534.3212174860694,22596.302906156496,1081.384553246492,0.26417919819313856,0.12791235661354375,0.03490314627351611,11.007220319043443,184,0.0007444257531519227,0.020400536357767507,9,0.0005096686157557428,2306.1250752016567
wave1,w50_physics_s5,physics,5,50,4,True,val,A,20-200GeV,420.7794921100067,22216.608809532918,2310.257714262698,0.18978197111918482,0.12426320658000074,0.07115252538337749,15.481654977695825,98,0.0007444257531519227,0.0004550318470283865,4,0.0009147414785637409,436.5695393626081
wave1,w50_physics_s5,physics,5,50,4,True,val,A,all,948.6805311875428,70293.13497614098,1900.5794910986597,0.4384356123511707,0.21451366474982025,0.05518461702572618,15.482794052115722,632,0.0007444257531519227,0.0007444257531519227,32,0.0012975941081627695,10095.745280850735
wave1,w50_physics_s5,physics,5,50,4,True,val,B,1-5GeV,18041.08936697321,154648.19608085905,24052.43697728656,5.400368400993852,0.0007414330080405982,0.00017104769893948766,1181464.7237645744,219,29.06626263219181,194.32988753253255,14,239.1203764747729,31863.319386796837
wave1,w50_physics_s5,physics,5,50,4,True,val,B,5-20GeV,5858.781691579437,71488.6350089021,7207.472266989669,1.7170570632894684,0.0022118780222795693,0.00015334190835655976,360379.6349347898,268,29.06626263219181,18.868742882830247,13,23.771840872143457,312.6197581884921
wave1,w50_physics_s5,physics,5,50,4,True,val,B,20-200GeV,5081.014664184828,27874.066084999955,6270.308078684508,1.5711882619043969,0.017814541565837897,0.0007069050055227932,104397.23230693299,94,29.06626263219181,8.451150669401386,5,6.659794481365111,77.86268877226932
wave1,w50_physics_s5,physics,5,50,4,True,val,B,all,8866.99112078111,97323.62679701793,11538.363720266545,2.2914350483640016,0.004181969097970013,0.0002095079725004826,468725.43876780034,581,29.06626263219181,29.06626263219181,32,46.362551442712174,10372.636338919856
wave1,w50_physics_s5,physics,5,50,4,True,val,C,1-5GeV,824.3429266593267,6470.545444354513,1438.723076863801,0.4778099611621456,0.004383295401424621,4.0907528016282735e-05,24.01565099967229,1541,1.9820198815523327e-06,2.8307738375588087e-06,18,6.750537906441423e-06,0.20163025035344614
wave1,w50_physics_s5,physics,5,50,4,True,val,C,5-20GeV,370.9322414741614,2471.6630087676563,666.1550322379,0.154042143195178,0.0006202013308324214,7.554903305300428e-05,3.982292308535307,901,1.9820198815523327e-06,6.594778056978612e-07,10,1.7530226159578888e-06,0.14228742605375028
wave1,w50_physics_s5,physics,5,50,4,True,val,C,20-200GeV,265.2180975627713,911.5599306047175,446.79822630645185,0.06820398988506907,0.0013762880878223334,0.0001619339959593031,0.6156453043622001,314,1.9820198815523327e-06,1.1178560299640594e-06,4,4.790932095488643e-07,0.009702852425164103
wave1,w50_physics_s5,physics,5,50,4,True,val,C,all,546.0342440477224,4830.57356120903,983.6389129553038,0.2829714272083936,0.0028104550334729925,5.553282914835779e-05,6.048405576626337,2756,1.9820198815523327e-06,1.9820198815523327e-06,32,5.807194725093723e-07,3.303541561407996
wave1,w50_physics_s5,physics,5,50,4,True,test,A,1-5GeV,1668.8478818232225,101061.4373797558,2784.0748623650607,0.6501064073963017,0.2842495088613797,0.0777885175488928,31.11023947234115,324,0.0007444257531519227,0.002909424121233517,19,0.0028088209010346255,7173.877347743397
wave1,w50_physics_s5,physics,5,50,4,True,test,A,5-20GeV,508.51931136225517,31431.190083821093,1024.7614210156175,0.2631457679772402,0.15037981693491098,0.05770448899904078,9.80516663159503,191,0.0007444257531519227,0.020400536357767507,9,0.0005096686157557428,2306.1250752016567
wave1,w50_physics_s5,physics,5,50,4,True,test,A,20-200GeV,371.1759839050696,7970.309949371034,1510.4093798297572,0.12898599812370898,0.09543327956535509,0.05921701557025783,5.945399012586616,89,0.0007444257531519227,0.0004550318470283865,4,0.0009147414785637409,436.5695393626081
wave1,w50_physics_s5,physics,5,50,4,True,test,A,all,793.9788621826208,61095.01381628799,1865.2925623241472,0.41797168877931834,0.21409428441551587,0.06668697374165192,10.945522383782214,604,0.0007444257531519227,0.0007444257531519227,32,0.0012975941081627695,10095.745280850735
wave1,w50_physics_s5,physics,5,50,4,True,test,B,1-5GeV,16743.857300436277,140820.46567828092,21099.3119875684,5.558489044458936,0.0007741687681446244,0.00016376980003342685,1197127.786821343,191,29.06626263219181,194.32988753253255,14,239.1203764747729,31863.319386796837
wave1,w50_physics_s5,physics,5,50,4,True,test,B,5-20GeV,5774.390598381501,50983.54069720361,8007.867887174825,1.850721799059766,0.0028126307768259915,0.00014912053910132942,355193.23732396663,278,29.06626263219181,18.868742882830247,13,23.771840872143457,312.6197581884921
wave1,w50_physics_s5,physics,5,50,4,True,test,B,20-200GeV,4217.987093647253,18735.221416511693,4493.997236059016,1.5544288192336184,0.012487688484661625,0.0005830865242443771,104910.80409850382,95,29.06626263219181,8.451150669401386,5,6.659794481365111,77.86268877226932
wave1,w50_physics_s5,physics,5,50,4,True,test,B,all,7741.908848921753,89119.48761636611,10084.80512481782,2.2488705429403506,0.0037519645331845807,0.00019920057739138385,444074.60985912883,564,29.06626263219181,29.06626263219181,32,46.362551442712174,10372.636338919856
wave1,w50_physics_s5,physics,5,50,4,True,test,C,1-5GeV,828.893680030717,7114.207033496685,1373.4438345816216,0.4974182027378815,0.006635557840486707,4.840807481512947e-05,20.65045648123487,1625,1.9820198815523327e-06,2.8307738375588087e-06,18,6.750537906441423e-06,0.20163025035344614
wave1,w50_physics_s5,physics,5,50,4,True,test,C,5-20GeV,357.97579236097476,2283.176350902766,662.903333394425,0.14525227326786516,0.0005445554565191402,7.343683182714039e-05,4.010366603324655,857,1.9820198815523327e-06,6.594778056978612e-07,10,1.7530226159578888e-06,0.14228742605375028
wave1,w50_physics_s5,physics,5,50,4,True,test,C,20-200GeV,260.9702682616177,1022.4908258231267,444.348574944482,0.08412206947878281,0.0011240570262017596,0.00018849827398874594,0.7430259263347949,311,1.9820198815523327e-06,1.1178560299640594e-06,4,4.790932095488643e-07,0.009702852425164103
wave1,w50_physics_s5,physics,5,50,4,True,test,C,all,541.7461427166188,5005.956236083315,976.7007770994667,0.2878785229683545,0.004152899123586305,6.635072696921162e-05,6.63368461363234,2793,1.9820198815523327e-06,1.9820198815523327e-06,32,5.807194725093723e-07,3.303541561407996
wave1,w50_physics_s6,physics,6,50,4,True,val,A,1-5GeV,1188.7609142217461,97547.23226069676,2506.532475357309,0.9129618279497039,0.2205595250545116,0.029251086939656192,25.804742523524773,350,0.0007444257531519227,0.002909424121233517,19,0.0028088209010346255,7173.877347743397
wave1,w50_physics_s6,physics,6,50,4,True,val,A,5-20GeV,290.41795345205986,19990.966885677703,879.6173092103043,0.45813997483173596,0.05385878484470976,0.0074072328745719935,11.007220319043443,184,0.0007444257531519227,0.020400536357767507,9,0.0005096686157557428,2306.1250752016567
wave1,w50_physics_s6,physics,6,50,4,True,val,A,20-200GeV,328.42460296109607,15290.151837923895,725.3161413280939,0.4126785529278581,0.08200334597654803,0.02285003805787044,15.481654977695825,98,0.0007444257531519227,0.0004550318470283865,4,0.0009147414785637409,436.5695393626081
wave1,w50_physics_s6,physics,6,50,4,True,val,A,all,704.800711407303,48878.38763766394,1508.2450903811632,0.6303738127751901,0.15054142102247997,0.018040544593726414,15.482794052115722,632,0.0007444257531519227,0.0007444257531519227,32,0.0012975941081627695,10095.745280850735
wave1,w50_physics_s6,physics,6,50,4,True,val,B,1-5GeV,16955.05351005238,143681.86159434036,21796.584331300663,5.675876832868687,0.0007051614314951801,0.0001279366091256405,1181464.7237645744,219,29.06626263219181,194.32988753253255,14,239.1203764747729,31863.319386796837
wave1,w50_physics_s6,physics,6,50,4,True,val,B,5-20GeV,4877.142547181989,57801.49928150801,7030.6910562038065,2.047878925445702,0.0014642654606977943,0.00011510711325816474,360379.6349347898,268,29.06626263219181,18.868742882830247,13,23.771840872143457,312.6197581884921
wave1,w50_physics_s6,physics,6,50,4,True,val,B,20-200GeV,5350.6148529094735,26572.857847824424,7078.244626409262,1.6177632642534046,0.015245291149229867,0.0006628762027992885,104397.23230693299,94,29.06626263219181,8.451150669401386,5,6.659794481365111,77.86268877226932
wave1,w50_physics_s6,physics,6,50,4,True,val,B,all,7341.23555742616,95911.09744559525,9634.560245929719,2.818886738999382,0.003407763967284098,0.00015578834761841132,468725.43876780034,581,29.06626263219181,29.06626263219181,32,46.362551442712174,10372.636338919856
wave1,w50_physics_s6,physics,6,50,4,True,val,C,1-5GeV,825.9986935241983,6172.193104977396,1552.8039010679322,0.5600077314646124,0.004030958201415958,3.798299738264554e-05,24.01565099967229,1541,1.9820198815523327e-06,2.8307738375588087e-06,18,6.750537906441423e-06,0.20163025035344614
wave1,w50_physics_s6,physics,6,50,4,True,val,C,5-20GeV,311.9206642579684,2503.673846218362,668.2696014708256,0.14365022724352125,0.0005796049634496709,2.589119235495795e-05,3.982292308535307,901,1.9820198815523327e-06,6.594778056978612e-07,10,1.7530226159578888e-06,0.14228742605375028
wave1,w50_physics_s6,physics,6,50,4,True,val,C,20-200GeV,227.3108495952535,625.3831009860696,536.9358353986797,0.09987851096606923,0.0007849549386875737,7.040130700076999e-05,0.6156453043622001,314,1.9820198815523327e-06,1.1178560299640594e-06,4,4.790932095488643e-07,0.009702852425164103
wave1,w50_physics_s6,physics,6,50,4,True,val,C,all,492.78239378215073,4667.5667287972265,993.0236743434655,0.25531788715128445,0.002532803523656765,3.478330864945017e-05,6.048405576626337,2756,1.9820198815523327e-06,1.9820198815523327e-06,32,5.807194725093723e-07,3.303541561407996
wave1,w50_physics_s6,physics,6,50,4,True,test,A,1-5GeV,1220.9702382924702,84797.19104822607,2680.4351696686535,0.9234325057774495,0.22545206355534314,0.022186490530174224,31.11023947234115,324,0.0007444257531519227,0.002909424121233517,19,0.0028088209010346255,7173.877347743397
wave1,w50_physics_s6,physics,6,50,4,True,test,A,5-20GeV,357.0097788990818,24624.496230689147,842.0503756367539,0.45692691475335623,0.07217776048496835,0.01224392921701263,9.80516663159503,191,0.0007444257531519227,0.020400536357767507,9,0.0005096686157557428,2306.1250752016567
wave1,w50_physics_s6,physics,6,50,4,True,test,A,20-200GeV,305.82625169326604,6957.673333611762,687.0341380107059,0.316685540038047,0.07771388339435358,0.0260544611257528,5.945399012586616,89,0.0007444257531519227,0.0004550318470283865,4,0.0009147414785637409,436.5695393626081
wave1,w50_physics_s6,physics,6,50,4,True,test,A,all,627.5346226108118,48441.496230378856,1384.8793218795056,0.594352934768224,0.1552135040838702,0.01894519250436358,10.945522383782214,604,0.0007444257531519227,0.0007444257531519227,32,0.0012975941081627695,10095.745280850735
wave1,w50_physics_s6,physics,6,50,4,True,test,B,1-5GeV,13988.77125990441,147971.67747240292,19174.319975429855,5.115000365528754,0.0008132721806592955,0.0001341990462671261,1197127.786821343,191,29.06626263219181,194.32988753253255,14,239.1203764747729,31863.319386796837
wave1,w50_physics_s6,physics,6,50,4,True,test,B,5-20GeV,5026.309746511117,37025.12263570461,7141.864564945621,2.0649858730726587,0.0014888956694827902,0.00010343574555939908,355193.23732396663,278,29.06626263219181,18.868742882830247,13,23.771840872143457,312.6197581884921
wave1,w50_physics_s6,physics,6,50,4,True,test,B,20-200GeV,3526.8291631973625,21621.039492151445,5317.771856298222,1.5168263153233497,0.005618079500316215,0.00029305235997053534,104910.80409850382,95,29.06626263219181,8.451150669401386,5,6.659794481365111,77.86268877226932
wave1,w50_physics_s6,physics,6,50,4,True,test,B,all,6816.53416159179,89446.54522125502,9095.633435361975,2.4719552657423325,0.001955612650979045,0.00013750025125081834,444074.60985912883,564,29.06626263219181,29.06626263219181,32,46.362551442712174,10372.636338919856
wave1,w50_physics_s6,physics,6,50,4,True,test,C,1-5GeV,833.5790346569922,6381.449648658595,1491.61170141394,0.6074987669366094,0.0057112342044055645,4.361095572346842e-05,20.65045648123487,1625,1.9820198815523327e-06,2.8307738375588087e-06,18,6.750537906441423e-06,0.20163025035344614
wave1,w50_physics_s6,physics,6,50,4,True,test,C,5-20GeV,335.82468438418186,2318.553607846246,682.5387482455127,0.14338199990700412,0.0005474844011593732,2.963310200677335e-05,4.010366603324655,857,1.9820198815523327e-06,6.594778056978612e-07,10,1.7530226159578888e-06,0.14228742605375028
wave1,w50_physics_s6,physics,6,50,4,True,test,C,20-200GeV,269.9208301973979,698.403678590136,520.6636346026361,0.09872223173022776,0.0009820644638377028,8.743151324289631e-05,0.7430259263347949,311,1.9820198815523327e-06,1.1178560299640594e-06,4,4.790932095488643e-07,0.009702852425164103
wave1,w50_physics_s6,physics,6,50,4,True,test,C,all,501.9785688670355,4576.8463200619535,990.9133290340151,0.2804173769018897,0.0036002047125693348,4.135372992675499e-05,6.63368461363234,2793,1.9820198815523327e-06,1.9820198815523327e-06,32,5.807194725093723e-07,3.303541561407996
wave1,w50_physics_s7,physics,7,50,4,True,val,A,1-5GeV,1384.1942674981392,92769.33421699687,2927.7636057066534,0.7505874018396905,0.27058453764135965,0.07191454953848413,25.804742523524773,350,0.0007444257531519227,0.002909424121233517,19,0.0028088209010346255,7173.877347743397
wave1,w50_physics_s7,physics,7,50,4,True,val,A,5-20GeV,401.3156064679913,18049.030983240853,840.0496131212565,0.17282742933055414,0.10411934582147966,0.02883229332672171,11.007220319043443,184,0.0007444257531519227,0.020400536357767507,9,0.0005096686157557428,2306.1250752016567
wave1,w50_physics_s7,physics,7,50,4,True,val,A,20-200GeV,624.5989223506049,9859.822481395206,1272.8779414601486,0.15118931183055218,0.22127781402247196,0.08412639986650575,15.481654977695825,98,0.0007444257531519227,0.0004550318470283865,4,0.0009147414785637409,436.5695393626081
wave1,w50_physics_s7,physics,7,50,4,True,val,A,all,839.3466789277486,39203.27381888576,1809.7372257564364,0.36053249416444655,0.21447432528454172,0.05359994226279427,15.482794052115722,632,0.0007444257531519227,0.0007444257531519227,32,0.0012975941081627695,10095.745280850735
wave1,w50_physics_s7,physics,7,50,4,True,val,B,1-5GeV,16661.849274209544,143143.79800758182,21339.013587129557,5.105083895369476,0.0006315594172849632,0.00013816930641298472,1181464.7237645744,219,29.06626263219181,194.32988753253255,14,239.1203764747729,31863.319386796837
wave1,w50_physics_s7,physics,7,50,4,True,val,B,5-20GeV,4975.965442617895,64258.39927974325,6133.316872158175,1.3891239805387654,0.0030861417502181508,0.00012899654819395877,360379.6349347898,268,29.06626263219181,18.868742882830247,13,23.771840872143457,312.6197581884921
wave1,w50_physics_s7,physics,7,50,4,True,val,B,20-200GeV,5509.888511237421,32734.521676020744,6898.110060084775,1.184611245055287,0.009695158186921234,0.0008378873091525464,104397.23230693299,94,29.06626263219181,8.451150669401386,5,6.659794481365111,77.86268877226932
wave1,w50_physics_s7,physics,7,50,4,True,val,B,all,7715.672660131986,99344.18233346195,9407.906719159882,1.988747529947585,0.0032301934096634548,0.00018696085964017123,468725.43876780034,581,29.06626263219181,29.06626263219181,32,46.362551442712174,10372.636338919856
wave1,w50_physics_s7,physics,7,50,4,True,val,C,1-5GeV,848.912179111494,6709.398823734546,1688.8281985346464,0.455958613805596,0.006187172079921646,4.015736672806552e-05,24.01565099967229,1541,1.9820198815523327e-06,2.8307738375588087e-06,18,6.750537906441423e-06,0.20163025035344614
wave1,w50_physics_s7,physics,7,50,4,True,val,C,5-20GeV,280.5898741049226,2710.0210881820176,740.794862563817,0.2286777502380835,0.0008018669300977816,2.5517598801686695e-05,3.982292308535307,901,1.9820198815523327e-06,6.594778056978612e-07,10,1.7530226159578888e-06,0.14228742605375028
wave1,w50_physics_s7,physics,7,50,4,True,val,C,20-200GeV,136.60304600368534,1196.2320313006503,537.5026202567428,0.13316431304252144,0.0004231815248754637,4.6779925811907424e-05,0.6156453043622001,314,1.9820198815523327e-06,1.1178560299640594e-06,4,4.790932095488643e-07,0.009702852425164103
wave1,w50_physics_s7,physics,7,50,4,True,val,C,all,513.5427230559912,4943.449415431289,1091.7343962973637,0.30158811896783233,0.0037698814506488577,3.587543464234402e-05,6.048405576626337,2756,1.9820198815523327e-06,1.9820198815523327e-06,32,5.807194725093723e-07,3.303541561407996
wave1,w50_physics_s7,physics,7,50,4,True,test,A,1-5GeV,1586.8176639758744,94955.6263412163,3142.3264404450074,0.7424735721332787,0.27946131639403626,0.06578603056375013,31.11023947234115,324,0.0007444257531519227,0.002909424121233517,19,0.0028088209010346255,7173.877347743397
wave1,w50_physics_s7,physics,7,50,4,True,test,A,5-20GeV,372.3948926660237,26312.178220173108,760.806195317551,0.1643975936697975,0.11826316480635489,0.039043972248129666,9.80516663159503,191,0.0007444257531519227,0.020400536357767507,9,0.0005096686157557428,2306.1250752016567
wave1,w50_physics_s7,physics,7,50,4,True,test,A,20-200GeV,411.39546473670265,8632.470554821244,903.3263620598676,0.14694791381323485,0.2194700790848825,0.05555544016701737,5.945399012586616,89,0.0007444257531519227,0.0004550318470283865,4,0.0009147414785637409,436.5695393626081
wave1,w50_physics_s7,physics,7,50,4,True,test,A,all,903.2399409386253,65310.62468251713,1689.675353418676,0.3797186989365556,0.2196466358083379,0.05226547104716719,10.945522383782214,604,0.0007444257531519227,0.0007444257531519227,32,0.0012975941081627695,10095.745280850735
wave1,w50_physics_s7,physics,7,50,4,True,test,B,1-5GeV,15449.068629313842,147993.44223798357,17857.38888784863,4.950417660487871,0.0007281902912030146,0.00014285591586557658,1197127.786821343,191,29.06626263219181,194.32988753253255,14,239.1203764747729,31863.319386796837
wave1,w50_physics_s7,physics,7,50,4,True,test,B,5-20GeV,5276.6696997460085,42150.93917277939,6193.922143792008,1.3955231041502085,0.00311748328594,0.00015197962706814272,355193.23732396663,278,29.06626263219181,18.868742882830247,13,23.771840872143457,312.6197581884921
wave1,w50_physics_s7,physics,7,50,4,True,test,B,20-200GeV,4036.7744340347826,23669.664344840185,4295.246677962609,1.0078696533791545,0.018812435038775298,0.0004393873746153498,104910.80409850382,95,29.06626263219181,8.451150669401386,5,6.659794481365111,77.86268877226932
wave1,w50_physics_s7,physics,7,50,4,True,test,B,all,6835.180182134138,81581.83680270294,8608.03405392491,1.9343795746768095,0.004951996503182178,0.00019431899408069663,444074.60985912883,564,29.06626263219181,29.06626263219181,32,46.362551442712174,10372.636338919856
wave1,w50_physics_s7,physics,7,50,4,True,test,C,1-5GeV,802.2021768734966,7135.633419952681,1634.3390922428114,0.46861527910475875,0.008286587733283014,4.227095276667559e-05,20.65045648123487,1625,1.9820198815523327e-06,2.8307738375588087e-06,18,6.750537906441423e-06,0.20163025035344614
wave1,w50_physics_s7,physics,7,50,4,True,test,C,5-20GeV,259.1408509050819,2610.8556837233664,729.5877405627671,0.2262408314554279,0.00039580874202211876,2.071950578104325e-05,4.010366603324655,857,1.9820198815523327e-06,6.594778056978612e-07,10,1.7530226159578888e-06,0.14228742605375028
wave1,w50_physics_s7,physics,7,50,4,True,test,C,20-200GeV,149.17534435168412,1498.3786818069973,555.3106510762689,0.14704214901235108,0.0005793093485285354,5.580170572357844e-05,0.7430259263347949,311,1.9820198815523327e-06,1.1178560299640594e-06,4,4.790932095488643e-07,0.009702852425164103
wave1,w50_physics_s7,physics,7,50,4,True,test,C,all,516.0021462497326,5497.592299593153,1108.7072617946205,0.32304883999476064,0.005007188817003304,3.5907875241305125e-05,6.63368461363234,2793,1.9820198815523327e-06,1.9820198815523327e-06,32,5.807194725093723e-07,3.303541561407996
wave1,w50_physics_s8,physics,8,50,4,True,val,A,1-5GeV,1281.9334874210674,108562.96701569656,2392.763605033836,0.669332795274924,0.2657544372185011,0.08077254678857862,25.804742523524773,350,0.0007444257531519227,0.002909424121233517,19,0.0028088209010346255,7173.877347743397
wave1,w50_physics_s8,physics,8,50,4,True,val,A,5-20GeV,476.8964657106985,28752.317074600054,997.3585306837273,0.2890703630667613,0.11765900105731003,0.056313370831268486,11.007220319043443,184,0.0007444257531519227,0.020400536357767507,9,0.0005096686157557428,2306.1250752016567
wave1,w50_physics_s8,physics,8,50,4,True,val,A,20-200GeV,410.4080656185465,16374.576683167652,1395.1989166893036,0.1826991176017549,0.12680412905272054,0.05138567367159532,15.481654977695825,98,0.0007444257531519227,0.0004550318470283865,4,0.0009147414785637409,436.5695393626081
wave1,w50_physics_s8,physics,8,50,4,True,val,A,all,824.8526968967739,56267.660574283924,1634.312416482221,0.3985488247033398,0.2010919523230808,0.05943963825714632,15.482794052115722,632,0.0007444257531519227,0.0007444257531519227,32,0.0012975941081627695,10095.745280850735
wave1,w50_physics_s8,physics,8,50,4,True,val,B,1-5GeV,15742.078046521328,152837.81914890578,19335.54023585748,4.081697930758701,0.0006179731325554531,0.00011292059020314207,1181464.7237645744,219,29.06626263219181,194.32988753253255,14,239.1203764747729,31863.319386796837
wave1,w50_physics_s8,physics,8,50,4,True,val,B,5-20GeV,5079.5867860916815,44539.116062919915,7434.91374008147,1.3023044006987838,0.0015970442808460536,0.0001251801458752514,360379.6349347898,268,29.06626263219181,18.868742882830247,13,23.771840872143457,312.6197581884921
wave1,w50_physics_s8,physics,8,50,4,True,val,B,20-200GeV,3860.344426653015,19473.206329754565,6003.338005481879,1.0094263620770603,0.0076445140883791675,0.00034090514537883675,104397.23230693299,94,29.06626263219181,8.451150669401386,5,6.659794481365111,77.86268877226932
wave1,w50_physics_s8,physics,8,50,4,True,val,B,all,7079.899193023266,101572.48964049314,10543.870060216534,1.657601379788487,0.0022064170526747474,0.00013668388254911435,468725.43876780034,581,29.06626263219181,29.06626263219181,32,46.362551442712174,10372.636338919856
wave1,w50_physics_s8,physics,8,50,4,True,val,C,1-5GeV,884.0286742713595,6920.550951184396,1708.7749886248994,0.49634828368423645,0.00599718525183148,4.6296236140429014e-05,24.01565099967229,1541,1.9820198815523327e-06,2.8307738375588087e-06,18,6.750537906441423e-06,0.20163025035344614
wave1,w50_physics_s8,physics,8,50,4,True,val,C,5-20GeV,368.08054703903537,2273.6883769540837,788.9255618747057,0.2093113746057529,0.0008064226254926138,5.912632649336846e-05,3.982292308535307,901,1.9820198815523327e-06,6.594778056978612e-07,10,1.7530226159578888e-06,0.14228742605375028
wave1,w50_physics_s8,physics,8,50,4,True,val,C,20-200GeV,295.7584578814352,1115.853598748123,500.42745697388466,0.2643141078298335,0.0006996619846459063,0.00014482034901233123,0.6156453043622001,314,1.9820198815523327e-06,1.1178560299640594e-06,4,4.790932095488643e-07,0.009702852425164103
wave1,w50_physics_s8,physics,8,50,4,True,val,C,all,567.0260402720762,5067.554808234532,1183.6298876700075,0.35151276802908304,0.0036966411907909907,5.643203144325534e-05,6.048405576626337,2756,1.9820198815523327e-06,1.9820198815523327e-06,32,5.807194725093723e-07,3.303541561407996
wave1,w50_physics_s8,physics,8,50,4,True,test,A,1-5GeV,1540.7920109245927,97939.75464690349,2587.45717930503,0.7899549655137842,0.27628809244750496,0.06913772289495361,31.11023947234115,324,0.0007444257531519227,0.002909424121233517,19,0.0028088209010346255,7173.877347743397
wave1,w50_physics_s8,physics,8,50,4,True,test,A,5-20GeV,486.0966010136337,21654.12827597557,1028.827320088867,0.25678504594832396,0.13191284717731558,0.06625691156863225,9.80516663159503,191,0.0007444257531519227,0.020400536357767507,9,0.0005096686157557428,2306.1250752016567
wave1,w50_physics_s8,physics,8,50,4,True,test,A,20-200GeV,354.52442555848296,7809.645606369757,1010.5248788821815,0.19205002589752332,0.11765223531323996,0.06888401510806391,5.945399012586616,89,0.0007444257531519227,0.0004550318470283865,4,0.0009147414785637409,436.5695393626081
wave1,w50_physics_s8,physics,8,50,4,True,test,A,all,781.6231757007376,59260.15474441832,1691.0373393900097,0.42746469703708934,0.20725785547473052,0.06832663519929826,10.945522383782214,604,0.0007444257531519227,0.0007444257531519227,32,0.0012975941081627695,10095.745280850735
wave1,w50_physics_s8,physics,8,50,4,True,test,B,1-5GeV,13290.55974189373,150211.35906026437,17169.657158614427,4.039770325184544,0.000515188632552385,9.568048295341013e-05,1197127.786821343,191,29.06626263219181,194.32988753253255,14,239.1203764747729,31863.319386796837
wave1,w50_physics_s8,physics,8,50,4,True,test,B,5-20GeV,5050.1781348339555,33322.97345578127,7088.459120147263,1.305321550293295,0.0020298427214038963,0.00010152551063745759,355193.23732396663,278,29.06626263219181,18.868742882830247,13,23.771840872143457,312.6197581884921
wave1,w50_physics_s8,physics,8,50,4,True,test,B,20-200GeV,3014.5632284692,20186.153491902245,3549.5625303656057,1.125748267623374,0.0034873716006189317,0.0002816247530559141,104910.80409850382,95,29.06626263219181,8.451150669401386,5,6.659794481365111,77.86268877226932
wave1,w50_physics_s8,physics,8,50,4,True,test,B,all,6667.441234681036,85374.59827176711,9102.177246234278,1.560252753768237,0.0017624071053662894,0.00012018694054757135,444074.60985912883,564,29.06626263219181,29.06626263219181,32,46.362551442712174,10372.636338919856
wave1,w50_physics_s8,physics,8,50,4,True,test,C,1-5GeV,913.2168730810024,7170.494985391899,1696.4263777381348,0.5007759262686262,0.00760087921786851,5.627056599914293e-05,20.65045648123487,1625,1.9820198815523327e-06,2.8307738375588087e-06,18,6.750537906441423e-06,0.20163025035344614
wave1,w50_physics_s8,physics,8,50,4,True,test,C,5-20GeV,348.10207992900644,2067.406548676512,779.6836499465662,0.2344251546779197,0.0006332490020982957,5.586999967530078e-05,4.010366603324655,857,1.9820198815523327e-06,6.594778056978612e-07,10,1.7530226159578888e-06,0.14228742605375028
wave1,w50_physics_s8,physics,8,50,4,True,test,C,20-200GeV,280.6455138842221,1294.711332872101,556.4666596760687,0.2707601153878539,0.0012264953540485624,0.00024359499353580926,0.7430259263347949,311,1.9820198815523327e-06,1.1178560299640594e-06,4,4.790932095488643e-07,0.009702852425164103
wave1,w50_physics_s8,physics,8,50,4,True,test,C,all,576.5104774484087,5239.235722192622,1184.3212301665917,0.3502037306590145,0.004753155452539804,6.095984510120324e-05,6.63368461363234,2793,1.9820198815523327e-06,1.9820198815523327e-06,32,5.807194725093723e-07,3.303541561407996
wave1,w50_physics_s9,physics,9,50,4,True,val,A,1-5GeV,974.5476928719631,101624.78672066776,2389.583806208783,0.7528879865010141,0.18254055987933598,0.02335577818967517,25.804742523524773,350,0.0007444257531519227,0.002909424121233517,19,0.0028088209010346255,7173.877347743397
wave1,w50_physics_s9,physics,9,50,4,True,val,A,5-20GeV,386.69703296274525,11350.635283052861,851.3729577171283,0.2997303231759441,0.09013698993323552,0.020731765478884882,11.007220319043443,184,0.0007444257531519227,0.020400536357767507,9,0.0005096686157557428,2306.1250752016567
wave1,w50_physics_s9,physics,9,50,4,True,val,A,20-200GeV,466.54753640269894,8638.631564603584,1055.4898744362877,0.3100059009450715,0.16927104590778919,0.04341162252869539,15.481654977695825,98,0.0007444257531519227,0.0004550318470283865,4,0.0009147414785637409,436.5695393626081
wave1,w50_physics_s9,physics,9,50,4,True,val,A,all,676.2299950285657,42511.83960474898,1578.959933599084,0.495347392439548,0.15358064019690865,0.02637950722507927,15.482794052115722,632,0.0007444257531519227,0.0007444257531519227,32,0.0012975941081627695,10095.745280850735
wave1,w50_physics_s9,physics,9,50,4,True,val,B,1-5GeV,16708.771405292508,127872.77669848896,19183.806805945438,4.570101838415108,0.0006624991397005129,0.00011449003624631186,1181464.7237645744,219,29.06626263219181,194.32988753253255,14,239.1203764747729,31863.319386796837
wave1,w50_physics_s9,physics,9,50,4,True,val,B,5-20GeV,4151.11401379022,67372.37962023726,6102.90415203265,1.4156408295230016,0.0017716842944887695,6.74043684790068e-05,360379.6349347898,268,29.06626263219181,18.868742882830247,13,23.771840872143457,312.6197581884921
wave1,w50_physics_s9,physics,9,50,4,True,val,B,20-200GeV,3925.146461836064,20661.064486053765,5481.1243593359795,1.2797444034776744,0.01135277294701584,0.0003589714977562886,104397.23230693299,94,29.06626263219181,8.451150669401386,5,6.659794481365111,77.86268877226932
wave1,w50_physics_s9,physics,9,50,4,True,val,B,all,6768.875379873521,86805.51524223023,9057.235433161366,1.8581418788651394,0.0029037166257089362,0.000101416107527518,468725.43876780034,581,29.06626263219181,29.06626263219181,32,46.362551442712174,10372.636338919856
wave1,w50_physics_s9,physics,9,50,4,True,val,C,1-5GeV,750.379169060011,6211.401312784346,1489.8294143214343,0.4542866845833604,0.003322414580536488,2.7270946062346777e-05,24.01565099967229,1541,1.9820198815523327e-06,2.8307738375588087e-06,18,6.750537906441423e-06,0.20163025035344614
wave1,w50_physics_s9,physics,9,50,4,True,val,C,5-20GeV,296.14196147284133,2125.437635353703,692.8192436302289,0.1463540505140734,0.00045052550904952797,2.5581788326564195e-05,3.982292308535307,901,1.9820198815523327e-06,6.594778056978612e-07,10,1.7530226159578888e-06,0.14228742605375028
wave1,w50_physics_s9,physics,9,50,4,True,val,C,20-200GeV,207.87655170859745,909.2390743189885,348.01867448621414,0.09929919851105168,0.0006474067206284713,9.973576465729952e-05,0.6156453043622001,314,1.9820198815523327e-06,1.1178560299640594e-06,4,4.790932095488643e-07,0.009702852425164103
wave1,w50_physics_s9,physics,9,50,4,True,val,C,all,460.56620946722404,3918.652088718133,1035.9988033797442,0.25124916909637085,0.002078755465362007,3.2886903745537204e-05,6.048405576626337,2756,1.9820198815523327e-06,1.9820198815523327e-06,32,5.807194725093723e-07,3.303541561407996
wave1,w50_physics_s9,physics,9,50,4,True,test,A,1-5GeV,1313.3882302962238,84367.93497961856,2776.491574726536,0.8408615738965957,0.225032740915473,0.02292494694564302,31.11023947234115,324,0.0007444257531519227,0.002909424121233517,19,0.0028088209010346255,7173.877347743397
wave1,w50_physics_s9,physics,9,50,4,True,test,A,5-20GeV,370.89990771425505,17374.716921386378,833.5865943074925,0.35549353481603707,0.10458203199579351,0.023201487518239427,9.80516663159503,191,0.0007444257531519227,0.020400536357767507,9,0.0005096686157557428,2306.1250752016567
wave1,w50_physics_s9,physics,9,50,4,True,test,A,20-200GeV,317.6009733454217,8071.003087736641,774.3020788463003,0.24434441248179922,0.16902621093562561,0.033529798076554464,5.945399012586616,89,0.0007444257531519227,0.0004550318470283865,4,0.0009147414785637409,436.5695393626081
wave1,w50_physics_s9,physics,9,50,4,True,test,A,all,693.9335946527282,48818.109491254385,1545.2959290696003,0.4855726403772591,0.17869057771702068,0.0260847132617109,10.945522383782214,604,0.0007444257531519227,0.0007444257531519227,32,0.0012975941081627695,10095.745280850735
wave1,w50_physics_s9,physics,9,50,4,True,test,B,1-5GeV,16827.074223101816,145253.32663556127,20442.195722181394,4.721289752631641,0.0012111588422394053,0.00011790926960167699,1197127.786821343,191,29.06626263219181,194.32988753253255,14,239.1203764747729,31863.319386796837
wave1,w50_physics_s9,physics,9,50,4,True,test,B,5-20GeV,4007.4284243490865,38165.10452803812,6004.396004171242,1.3887236893117412,0.001529259084472451,6.891471106154023e-05,355193.23732396663,278,29.06626263219181,18.868742882830247,13,23.771840872143457,312.6197581884921
wave1,w50_physics_s9,physics,9,50,4,True,test,B,20-200GeV,2760.046749670664,14401.390432073458,4071.430570153723,1.2887033754034745,0.005383034690670767,0.0002836783489664373,104910.80409850382,95,29.06626263219181,8.451150669401386,5,6.659794481365111,77.86268877226932
wave1,w50_physics_s9,physics,9,50,4,True,test,B,all,5593.771730858975,65077.87173663426,7916.93023369318,1.9245160063265445,0.002070662517668069,9.911825952422163e-05,444074.60985912883,564,29.06626263219181,29.06626263219181,32,46.362551442712174,10372.636338919856
wave1,w50_physics_s9,physics,9,50,4,True,test,C,1-5GeV,800.3957875179256,6948.456800685493,1569.030836784691,0.4695043209400618,0.005087690162009264,3.239294112588535e-05,20.65045648123487,1625,1.9820198815523327e-06,2.8307738375588087e-06,18,6.750537906441423e-06,0.20163025035344614
wave1,w50_physics_s9,physics,9,50,4,True,test,C,5-20GeV,300.07571965330726,1870.3027083851791,675.2394831794533,0.1403324342246215,0.00042776295537175685,2.273022465148688e-05,4.010366603324655,857,1.9820198815523327e-06,6.594778056978612e-07,10,1.7530226159578888e-06,0.14228742605375028
wave1,w50_physics_s9,physics,9,50,4,True,test,C,20-200GeV,198.71451910642347,906.9343527798992,365.8627641391388,0.10978360997419112,0.0011196171737310567,7.04109638234622e-05,0.7430259263347949,311,1.9820198815523327e-06,1.1178560299640594e-06,4,4.790932095488643e-07,0.009702852425164103
wave1,w50_physics_s9,physics,9,50,4,True,test,C,all,475.3046575381177,4749.6505502564005,1068.425563951024,0.26074779368371465,0.0032160008260111016,3.2624132818188506e-05,6.63368461363234,2793,1.9820198815523327e-06,1.9820198815523327e-06,32,5.807194725093723e-07,3.303541561407996
